   0.0000000e+00  -1.2450168e-18  -1.2450168e-18
   3.1554436e-30  -1.2450168e-18  -1.2450168e-18
   2.3257563e-19  -8.0926095e-17  -1.9933771e-17
   2.3257563e-19  -8.0926095e-17  -1.9933771e-17
   2.3398732e-19  -8.0926095e-17  -2.0047208e-17
   2.3398732e-19  -8.0926095e-17  -2.0047208e-17
   1.0047546e-05  -3.5413503e-03  -8.0995612e-04
   6.0285274e-05  -2.0871141e-02  -4.9386198e-03
   2.5191198e-04  -8.1692308e-02  -2.1998062e-02
   2.5191198e-04  -8.1692308e-02  -2.1998062e-02
   2.5344104e-04  -8.2146707e-02  -2.2143235e-02
   2.5344104e-04  -8.2146707e-02  -2.2143235e-02
   3.0241353e-04  -9.6461938e-02  -2.6874974e-02
   3.0241353e-04  -9.6461938e-02  -2.6874974e-02
   3.0424912e-04  -9.7004908e-02  -2.7055484e-02
   3.0424912e-04  -9.7004908e-02  -2.7055484e-02
   5.0478929e-04  -1.5359504e-01  -4.8277878e-02
   5.0478929e-04  -1.5359504e-01  -4.8277878e-02
   5.0785326e-04  -1.5442183e-01  -4.8626979e-02
   5.0785326e-04  -1.5442183e-01  -4.8626979e-02
   6.0618938e-04  -1.8033926e-01  -6.0274888e-02
   6.0618938e-04  -1.8033926e-01  -6.0274888e-02
   6.0986883e-04  -1.8133940e-01  -6.0728105e-02
   6.0986883e-04  -1.8133940e-01  -6.0728105e-02
   7.5854823e-04  -2.2084980e-01  -8.0199269e-02
   7.5854823e-04  -2.2084980e-01  -8.0199269e-02
   7.6315246e-04  -2.2204587e-01  -8.0840642e-02
   7.6315246e-04  -2.2204587e-01  -8.0840642e-02
   9.1121283e-04  -2.5966718e-01  -1.0285804e-01
   9.1121283e-04  -2.5966718e-01  -1.0285804e-01
   9.1674371e-04  -2.6115132e-01  -1.0373649e-01
   9.1674371e-04  -2.6115132e-01  -1.0373649e-01
   1.0131589e-03  -2.8684615e-01  -1.1977169e-01
   1.0131589e-03  -2.8684615e-01  -1.1977169e-01
   1.0193086e-03  -2.8847379e-01  -1.2084310e-01
   1.0193086e-03  -2.8847379e-01  -1.2084310e-01
   1.2174691e-03  -3.4021277e-01  -1.5896359e-01
   1.2174691e-03  -3.4021277e-01  -1.5896359e-01
   1.2248589e-03  -3.4230385e-01  -1.6053460e-01
   1.2248589e-03  -3.4230385e-01  -1.6053460e-01
   1.2686345e-03  -3.5469582e-01  -1.7008977e-01
   1.2686345e-03  -3.5469582e-01  -1.7008977e-01
   1.2763348e-03  -3.5687649e-01  -1.7181596e-01
   1.2763348e-03  -3.5687649e-01  -1.7181596e-01
   1.5250302e-03  -4.2744275e-01  -2.3617399e-01
   1.5250302e-03  -4.2744275e-01  -2.3617399e-01
   1.5342868e-03  -4.3037041e-01  -2.3894311e-01
   1.5342868e-03  -4.3037041e-01  -2.3894311e-01
   1.7824453e-03  -5.1052734e-01  -3.2673020e-01
   1.7824453e-03  -5.1052734e-01  -3.2673020e-01
   1.7932643e-03  -5.1409674e-01  -3.3126441e-01
   1.7932643e-03  -5.1409674e-01  -3.3126441e-01
   1.8340614e-03  -5.2761381e-01  -3.4900903e-01
   1.8340614e-03  -5.2761381e-01  -3.4900903e-01
   1.8451938e-03  -5.3176839e-01  -3.5403678e-01
   1.8451938e-03  -5.3176839e-01  -3.5403678e-01
   2.0410354e-03  -6.0731707e-01  -4.5825256e-01
   2.0410354e-03  -6.0731707e-01  -4.5825256e-01
   2.0534241e-03  -6.1229438e-01  -4.6603745e-01
   2.0534241e-03  -6.1229438e-01  -4.6603745e-01
   2.1448502e-03  -6.4968517e-01  -5.2909590e-01
   2.1448502e-03  -6.4968517e-01  -5.2909590e-01
   2.1578690e-03  -6.5578780e-01  -5.3896654e-01
   2.1578690e-03  -6.5578780e-01  -5.3896654e-01
   2.1968477e-03  -6.7430071e-01  -5.7003302e-01
   2.1968477e-03  -6.7430071e-01  -5.7003302e-01
   2.2101821e-03  -6.8046433e-01  -5.8121510e-01
   2.2101821e-03  -6.8046433e-01  -5.8121510e-01
   2.2489110e-03  -6.9856779e-01  -6.1544375e-01
   2.2489110e-03  -6.9856779e-01  -6.1544375e-01
   2.2625614e-03  -7.0472807e-01  -6.2817116e-01
   2.2625614e-03  -7.0472807e-01  -6.2817116e-01
   2.3010390e-03  -7.2225322e-01  -6.6608859e-01
   2.3010390e-03  -7.2225322e-01  -6.6608859e-01
   2.3150059e-03  -7.2839362e-01  -6.8065140e-01
   2.3150059e-03  -7.2839362e-01  -6.8065140e-01
   2.3532303e-03  -7.4532670e-01  -7.2290754e-01
   2.3532303e-03  -7.4532670e-01  -7.2290754e-01
   2.3675140e-03  -7.5132847e-01  -7.3966936e-01
   2.3675140e-03  -7.5132847e-01  -7.3966936e-01
   2.4054829e-03  -7.6737048e-01  -7.8707516e-01
   2.4054829e-03  -7.6737048e-01  -7.8707516e-01
   2.4200837e-03  -7.7315781e-01  -8.0649731e-01
   2.4200837e-03  -7.7315781e-01  -8.0649731e-01
   2.4577936e-03  -7.8815559e-01  -8.6007690e-01
   2.4577936e-03  -7.8815559e-01  -8.6007690e-01
   2.4727120e-03  -7.9429609e-01  -8.8275240e-01
   2.4727120e-03  -7.9429609e-01  -8.8275240e-01
   2.5101621e-03  -8.0976305e-01  -9.4382304e-01
   2.5101621e-03  -8.0976305e-01  -9.4382304e-01
   2.5253983e-03  -8.1557547e-01  -9.7052582e-01
   2.5253983e-03  -8.1557547e-01  -9.7052582e-01
   2.5462705e-03  -8.2354471e-01  -1.0090319e+00
   2.5462705e-03  -8.2354471e-01  -1.0090319e+00
   2.5467793e-03  -8.2373910e-01  -1.0100000e+00
   2.5467793e-03  -8.2373910e-01  -1.0100000e+00
   2.5617227e-03  -8.2944964e-01  -1.0100000e+00
   2.5617227e-03  -8.2944964e-01  -1.0100000e+00
   2.5620803e-03  -8.2958631e-01  -1.0100000e+00
   2.5620803e-03  -8.2958631e-01  -1.0100000e+00
   2.5622378e-03  -8.2964654e-01  -1.0100000e+00
   2.5622378e-03  -8.2964654e-01  -1.0100000e+00
   2.5625875e-03  -8.2978022e-01  -1.0100000e+00
   2.5625875e-03  -8.2978022e-01  -1.0100000e+00
   2.5776285e-03  -8.3020772e-01  -1.0100000e+00
   2.5776285e-03  -8.3020772e-01  -1.0100000e+00
   2.5781419e-03  -8.3022224e-01  -1.0100000e+00
   2.5781419e-03  -8.3022224e-01  -1.0100000e+00
   2.8248996e-03  -8.3666667e-01  -1.0100000e+00
   2.8248996e-03  -8.3666667e-01  -1.0100000e+00
   2.8420462e-03  -8.3714479e-01  -1.0100000e+00
   2.8420462e-03  -8.3714479e-01  -1.0100000e+00
   3.0873054e-03  -8.4348315e-01  -1.0100000e+00
   3.0873054e-03  -8.4348315e-01  -1.0100000e+00
   3.1060447e-03  -8.4399634e-01  -1.0100000e+00
   3.1060447e-03  -8.4399634e-01  -1.0100000e+00
   3.3498039e-03  -8.5022727e-01  -1.0100000e+00
   3.3498039e-03  -8.5022727e-01  -1.0100000e+00
   3.3701365e-03  -8.5077444e-01  -1.0100000e+00
   3.3701365e-03  -8.5077444e-01  -1.0100000e+00
   3.6123943e-03  -8.5689655e-01  -1.0100000e+00
   3.6123943e-03  -8.5689655e-01  -1.0100000e+00
   3.6343208e-03  -8.5747654e-01  -1.0100000e+00
   3.6343208e-03  -8.5747654e-01  -1.0100000e+00
   3.8750755e-03  -8.6348837e-01  -1.0100000e+00
   3.8750755e-03  -8.6348837e-01  -1.0100000e+00
   3.8985965e-03  -8.6409999e-01  -1.0100000e+00
   3.8985965e-03  -8.6409999e-01  -1.0100000e+00
   4.1378466e-03  -8.7000000e-01  -1.0100000e+00
   4.1378466e-03  -8.7000000e-01  -1.0100000e+00
   4.1629626e-03  -8.7064199e-01  -1.0100000e+00
   4.1629626e-03  -8.7064199e-01  -1.0100000e+00
   4.4007066e-03  -8.7642857e-01  -1.0100000e+00
   4.4007066e-03  -8.7642857e-01  -1.0100000e+00
   4.4274180e-03  -8.7709960e-01  -1.0100000e+00
   4.4274180e-03  -8.7709960e-01  -1.0100000e+00
   4.6636543e-03  -8.8277108e-01  -1.0100000e+00
   4.6636543e-03  -8.8277108e-01  -1.0100000e+00
   4.6919617e-03  -8.8346977e-01  -1.0100000e+00
   4.6919617e-03  -8.8346977e-01  -1.0100000e+00
   4.9266885e-03  -8.8902439e-01  -1.0100000e+00
   4.9266885e-03  -8.8902439e-01  -1.0100000e+00
   4.9565925e-03  -8.8974927e-01  -1.0100000e+00
   4.9565925e-03  -8.8974927e-01  -1.0100000e+00
   5.1898082e-03  -8.9518519e-01  -1.0100000e+00
   5.1898082e-03  -8.9518519e-01  -1.0100000e+00
   5.2213093e-03  -8.9593471e-01  -1.0100000e+00
   5.2213093e-03  -8.9593471e-01  -1.0100000e+00
   5.4530120e-03  -9.0125000e-01  -1.0100000e+00
   5.4530120e-03  -9.0125000e-01  -1.0100000e+00
   5.4861107e-03  -9.0202255e-01  -1.0100000e+00
   5.4861107e-03  -9.0202255e-01  -1.0100000e+00
   5.7162986e-03  -9.0721519e-01  -1.0100000e+00
   5.7162986e-03  -9.0721519e-01  -1.0100000e+00
   5.7509954e-03  -9.0800905e-01  -1.0100000e+00
   5.7509954e-03  -9.0800905e-01  -1.0100000e+00
   5.9796668e-03  -9.1307692e-01  -1.0100000e+00
   5.9796668e-03  -9.1307692e-01  -1.0100000e+00
   6.0159622e-03  -9.1389028e-01  -1.0100000e+00
   6.0159622e-03  -9.1389028e-01  -1.0100000e+00
   6.2431151e-03  -9.1883117e-01  -1.0100000e+00
   6.2431151e-03  -9.1883117e-01  -1.0100000e+00
   6.2810096e-03  -9.1966212e-01  -1.0100000e+00
   6.2810096e-03  -9.1966212e-01  -1.0100000e+00
   6.5066421e-03  -9.2447368e-01  -1.0100000e+00
   6.5066421e-03  -9.2447368e-01  -1.0100000e+00
   6.5461361e-03  -9.2532021e-01  -1.0100000e+00
   6.5461361e-03  -9.2532021e-01  -1.0100000e+00
   6.7702462e-03  -9.3000000e-01  -1.0100000e+00
   6.7702462e-03  -9.3000000e-01  -1.0100000e+00
   6.8113403e-03  -9.3085996e-01  -1.0100000e+00
   6.8113403e-03  -9.3085996e-01  -1.0100000e+00
   7.0339258e-03  -9.3540541e-01  -1.0100000e+00
   7.0339258e-03  -9.3540541e-01  -1.0100000e+00
   7.0766204e-03  -9.3627655e-01  -1.0100000e+00
   7.0766204e-03  -9.3627655e-01  -1.0100000e+00
   7.2976793e-03  -9.4068493e-01  -1.0100000e+00
   7.2976793e-03  -9.4068493e-01  -1.0100000e+00
   7.3419748e-03  -9.4156486e-01  -1.0100000e+00
   7.3419748e-03  -9.4156486e-01  -1.0100000e+00
   7.5615050e-03  -9.4583333e-01  -1.0100000e+00
   7.5615050e-03  -9.4583333e-01  -1.0100000e+00
   7.6074018e-03  -9.4671951e-01  -1.0100000e+00
   7.6074018e-03  -9.4671951e-01  -1.0100000e+00
   7.8254009e-03  -9.5084507e-01  -1.0100000e+00
   7.8254009e-03  -9.5084507e-01  -1.0100000e+00
   7.8728996e-03  -9.5173479e-01  -1.0100000e+00
   7.8728996e-03  -9.5173479e-01  -1.0100000e+00
   8.0893653e-03  -9.5571429e-01  -1.0100000e+00
   8.0893653e-03  -9.5571429e-01  -1.0100000e+00
   8.1384662e-03  -9.5660470e-01  -1.0100000e+00
   8.1384662e-03  -9.5660470e-01  -1.0100000e+00
   8.3533962e-03  -9.6043478e-01  -1.0100000e+00
   8.3533962e-03  -9.6043478e-01  -1.0100000e+00
   8.4040997e-03  -9.6132285e-01  -1.0100000e+00
   8.4040997e-03  -9.6132285e-01  -1.0100000e+00
   8.6174914e-03  -9.6500000e-01  -1.0100000e+00
   8.6174914e-03  -9.6500000e-01  -1.0100000e+00
   8.6697979e-03  -9.6588249e-01  -1.0100000e+00
   8.6697979e-03  -9.6588249e-01  -1.0100000e+00
   8.8816488e-03  -9.6940299e-01  -1.0100000e+00
   8.8816488e-03  -9.6940299e-01  -1.0100000e+00
   8.9355587e-03  -9.7027645e-01  -1.0100000e+00
   8.9355587e-03  -9.7027645e-01  -1.0100000e+00
   9.1458662e-03  -9.7363636e-01  -1.0100000e+00
   9.1458662e-03  -9.7363636e-01  -1.0100000e+00
   9.2013798e-03  -9.7449714e-01  -1.0100000e+00
   9.2013798e-03  -9.7449714e-01  -1.0100000e+00
   9.4101411e-03  -9.7769231e-01  -1.0100000e+00
   9.4101411e-03  -9.7769231e-01  -1.0100000e+00
   9.4672588e-03  -9.7853649e-01  -1.0100000e+00
   9.4672588e-03  -9.7853649e-01  -1.0100000e+00
   9.6744710e-03  -9.8156250e-01  -1.0100000e+00
   9.6744710e-03  -9.8156250e-01  -1.0100000e+00
   9.7331932e-03  -9.8238591e-01  -1.0100000e+00
   9.7331932e-03  -9.8238591e-01  -1.0100000e+00
   9.9388534e-03  -9.8523810e-01  -1.0100000e+00
   9.9388534e-03  -9.8523810e-01  -1.0100000e+00
   9.9991803e-03  -9.8603626e-01  -1.0100000e+00
   9.9991803e-03  -9.8603626e-01  -1.0100000e+00
   1.0203285e-02  -9.8870968e-01  -1.0100000e+00
   1.0203285e-02  -9.8870968e-01  -1.0100000e+00
   1.0265217e-02  -9.8947784e-01  -1.0100000e+00
   1.0265217e-02  -9.8947784e-01  -1.0100000e+00
   1.0467764e-02  -9.9196721e-01  -1.0100000e+00
   1.0467764e-02  -9.9196721e-01  -1.0100000e+00
   1.0531302e-02  -9.9270025e-01  -1.0100000e+00
   1.0531302e-02  -9.9270025e-01  -1.0100000e+00
   1.0732287e-02  -9.9500000e-01  -1.0100000e+00
   1.0732287e-02  -9.9500000e-01  -1.0100000e+00
   1.0797430e-02  -9.9569243e-01  -1.0100000e+00
   1.0797430e-02  -9.9569243e-01  -1.0100000e+00
   1.0996850e-02  -9.9779661e-01  -1.0100000e+00
   1.0996850e-02  -9.9779661e-01  -1.0100000e+00
   1.1063599e-02  -9.9844256e-01  -1.0100000e+00
   1.1063599e-02  -9.9844256e-01  -1.0100000e+00
   1.1261450e-02  -1.0003448e+00  -1.0100000e+00
   1.1261450e-02  -1.0003448e+00  -1.0100000e+00
   1.1329805e-02  -1.0009380e+00  -1.0100000e+00
   1.1329805e-02  -1.0009380e+00  -1.0100000e+00
   1.1526084e-02  -1.0026316e+00  -1.0100000e+00
   1.1526084e-02  -1.0026316e+00  -1.0100000e+00
   1.1596046e-02  -1.0031651e+00  -1.0100000e+00
   1.1596046e-02  -1.0031651e+00  -1.0100000e+00
   1.1790748e-02  -1.0046429e+00  -1.0100000e+00
   1.1790748e-02  -1.0046429e+00  -1.0100000e+00
   1.1862316e-02  -1.0051095e+00  -1.0100000e+00
   1.1862316e-02  -1.0051095e+00  -1.0100000e+00
   1.2055438e-02  -1.0063636e+00  -1.0100000e+00
   1.2055438e-02  -1.0063636e+00  -1.0100000e+00
   1.2128613e-02  -1.0067555e+00  -1.0100000e+00
   1.2128613e-02  -1.0067555e+00  -1.0100000e+00
   1.2320150e-02  -1.0077778e+00  -1.0100000e+00
   1.2320150e-02  -1.0077778e+00  -1.0100000e+00
   1.2394931e-02  -1.0080863e+00  -1.0100000e+00
   1.2394931e-02  -1.0080863e+00  -1.0100000e+00
   1.2584879e-02  -1.0088679e+00  -1.0100000e+00
   1.2584879e-02  -1.0088679e+00  -1.0100000e+00
   1.2661267e-02  -1.0090838e+00  -1.0100000e+00
   1.2661267e-02  -1.0090838e+00  -1.0100000e+00
   1.2802256e-02  -1.0094818e+00  -1.0100000e+00
   1.2802256e-02  -1.0094818e+00  -1.0100000e+00
   1.2824078e-02  -1.0094788e+00  -1.0100000e+00
   1.2824078e-02  -1.0094788e+00  -1.0100000e+00
   1.2878145e-02  -1.0094714e+00  -1.0100000e+00
   1.2878145e-02  -1.0094714e+00  -1.0100000e+00
   1.2900097e-02  -1.0094684e+00  -1.0100000e+00
   1.2900097e-02  -1.0094684e+00  -1.0100000e+00
   1.3151285e-02  -1.0094335e+00  -1.0100000e+00
   1.3387251e-02  -1.0094000e+00  -1.0100000e+00
   1.3387251e-02  -1.0094000e+00  -1.0100000e+00
   1.3410377e-02  -1.0093185e+00  -1.0100000e+00
   1.3410377e-02  -1.0093185e+00  -1.0100000e+00
   1.3470246e-02  -1.0091071e+00  -1.0100000e+00
   1.3470246e-02  -1.0091071e+00  -1.0100000e+00
   1.3493517e-02  -1.0090250e+00  -1.0100000e+00
   1.3493517e-02  -1.0090250e+00  -1.0100000e+00
   1.3537955e-02  -1.0088679e+00  -1.0100000e+00
   1.3537955e-02  -1.0088679e+00  -1.0100000e+00
   1.3620128e-02  -1.0084456e+00  -1.0100000e+00
   1.3620128e-02  -1.0084456e+00  -1.0100000e+00
   1.3749739e-02  -1.0077778e+00  -1.0100000e+00
   1.3749739e-02  -1.0077778e+00  -1.0100000e+00
   1.3833197e-02  -1.0072215e+00  -1.0100000e+00
   1.3833197e-02  -1.0072215e+00  -1.0100000e+00
   1.3961508e-02  -1.0063636e+00  -1.0100000e+00
   1.3961508e-02  -1.0063636e+00  -1.0100000e+00
   1.4046252e-02  -1.0056766e+00  -1.0100000e+00
   1.4046252e-02  -1.0056766e+00  -1.0100000e+00
   1.4173260e-02  -1.0046429e+00  -1.0100000e+00
   1.4173260e-02  -1.0046429e+00  -1.0100000e+00
   1.4259289e-02  -1.0038280e+00  -1.0100000e+00
   1.4259289e-02  -1.0038280e+00  -1.0100000e+00
   1.4384991e-02  -1.0026316e+00  -1.0100000e+00
   1.4384991e-02  -1.0026316e+00  -1.0100000e+00
   1.4472305e-02  -1.0016916e+00  -1.0100000e+00
   1.4472305e-02  -1.0016916e+00  -1.0100000e+00
   1.4596698e-02  -1.0003448e+00  -1.0100000e+00
   1.4596698e-02  -1.0003448e+00  -1.0100000e+00
   1.4685297e-02  -9.9928230e-01  -1.0100000e+00
   1.4685297e-02  -9.9928230e-01  -1.0100000e+00
   1.4808379e-02  -9.9779661e-01  -1.0100000e+00
   1.4808379e-02  -9.9779661e-01  -1.0100000e+00
   1.4898263e-02  -9.9661397e-01  -1.0100000e+00
   1.4898263e-02  -9.9661397e-01  -1.0100000e+00
   1.5020029e-02  -9.9500000e-01  -1.0100000e+00
   1.5020029e-02  -9.9500000e-01  -1.0100000e+00
   1.5111198e-02  -9.9369955e-01  -1.0100000e+00
   1.5111198e-02  -9.9369955e-01  -1.0100000e+00
   1.5231647e-02  -9.9196721e-01  -1.0100000e+00
   1.5231647e-02  -9.9196721e-01  -1.0100000e+00
   1.5324100e-02  -9.9055113e-01  -1.0100000e+00
   1.5324100e-02  -9.9055113e-01  -1.0100000e+00
   1.5443230e-02  -9.8870968e-01  -1.0100000e+00
   1.5443230e-02  -9.8870968e-01  -1.0100000e+00
   1.5536968e-02  -9.8718002e-01  -1.0100000e+00
   1.5536968e-02  -9.8718002e-01  -1.0100000e+00
   1.5654776e-02  -9.8523810e-01  -1.0100000e+00
   1.5654776e-02  -9.8523810e-01  -1.0100000e+00
   1.5749797e-02  -9.8359681e-01  -1.0100000e+00
   1.5749797e-02  -9.8359681e-01  -1.0100000e+00
   1.5866282e-02  -9.8156250e-01  -1.0100000e+00
   1.5866282e-02  -9.8156250e-01  -1.0100000e+00
   1.5962587e-02  -9.7981144e-01  -1.0100000e+00
   1.5962587e-02  -9.7981144e-01  -1.0100000e+00
   1.6077746e-02  -9.7769231e-01  -1.0100000e+00
   1.6077746e-02  -9.7769231e-01  -1.0100000e+00
   1.6175335e-02  -9.7583325e-01  -1.0100000e+00
   1.6175335e-02  -9.7583325e-01  -1.0100000e+00
   1.6289166e-02  -9.7363636e-01  -1.0100000e+00
   1.6289166e-02  -9.7363636e-01  -1.0100000e+00
   1.6388038e-02  -9.7167098e-01  -1.0100000e+00
   1.6388038e-02  -9.7167098e-01  -1.0100000e+00
   1.6500540e-02  -9.6940299e-01  -1.0100000e+00
   1.6500540e-02  -9.6940299e-01  -1.0100000e+00
   1.6600695e-02  -9.6733288e-01  -1.0100000e+00
   1.6600695e-02  -9.6733288e-01  -1.0100000e+00
   1.6711866e-02  -9.6500000e-01  -1.0100000e+00
   1.6711866e-02  -9.6500000e-01  -1.0100000e+00
   1.6813303e-02  -9.6282671e-01  -1.0100000e+00
   1.6813303e-02  -9.6282671e-01  -1.0100000e+00
   1.6923142e-02  -9.6043478e-01  -1.0100000e+00
   1.6923142e-02  -9.6043478e-01  -1.0100000e+00
   1.7025862e-02  -9.5815979e-01  -1.0100000e+00
   1.7025862e-02  -9.5815979e-01  -1.0100000e+00
   1.7134367e-02  -9.5571429e-01  -1.0100000e+00
   1.7134367e-02  -9.5571429e-01  -1.0100000e+00
   1.7238369e-02  -9.5333899e-01  -1.0100000e+00
   1.7238369e-02  -9.5333899e-01  -1.0100000e+00
   1.7345538e-02  -9.5084507e-01  -1.0100000e+00
   1.7345538e-02  -9.5084507e-01  -1.0100000e+00
   1.7450822e-02  -9.4837084e-01  -1.0100000e+00
   1.7450822e-02  -9.4837084e-01  -1.0100000e+00
   1.7556655e-02  -9.4583333e-01  -1.0100000e+00
   1.7556655e-02  -9.4583333e-01  -1.0100000e+00
   1.7663220e-02  -9.4326147e-01  -1.0100000e+00
   1.7663220e-02  -9.4326147e-01  -1.0100000e+00
   1.7767715e-02  -9.4068493e-01  -1.0100000e+00
   1.7767715e-02  -9.4068493e-01  -1.0100000e+00
   1.7875562e-02  -9.3801671e-01  -1.0100000e+00
   1.7875562e-02  -9.3801671e-01  -1.0100000e+00
   1.7978718e-02  -9.3540541e-01  -1.0100000e+00
   1.7978718e-02  -9.3540541e-01  -1.0100000e+00
   1.8087845e-02  -9.3264206e-01  -1.0100000e+00
   1.8087845e-02  -9.3264206e-01  -1.0100000e+00
   1.8189662e-02  -9.3000000e-01  -1.0100000e+00
   1.8189662e-02  -9.3000000e-01  -1.0100000e+00
   1.8300069e-02  -9.2714274e-01  -1.0100000e+00
   1.8300069e-02  -9.2714274e-01  -1.0100000e+00
   1.8400545e-02  -9.2447368e-01  -1.0100000e+00
   1.8400545e-02  -9.2447368e-01  -1.0100000e+00
   1.8512233e-02  -9.2152368e-01  -1.0100000e+00
   1.8512233e-02  -9.2152368e-01  -1.0100000e+00
   1.8611367e-02  -9.1883117e-01  -1.0100000e+00
   1.8611367e-02  -9.1883117e-01  -1.0100000e+00
   1.8724334e-02  -9.1578958e-01  -1.0100000e+00
   1.8724334e-02  -9.1578958e-01  -1.0100000e+00
   1.8822125e-02  -9.1307692e-01  -1.0100000e+00
   1.8822125e-02  -9.1307692e-01  -1.0100000e+00
   1.8936372e-02  -9.0994490e-01  -1.0100000e+00
   1.8936372e-02  -9.0994490e-01  -1.0100000e+00
   1.9032820e-02  -9.0721519e-01  -1.0100000e+00
   1.9032820e-02  -9.0721519e-01  -1.0100000e+00
   1.9148345e-02  -9.0399387e-01  -1.0100000e+00
   1.9148345e-02  -9.0399387e-01  -1.0100000e+00
   1.9243449e-02  -9.0125000e-01  -1.0100000e+00
   1.9243449e-02  -9.0125000e-01  -1.0100000e+00
   1.9360253e-02  -8.9794054e-01  -1.0100000e+00
   1.9360253e-02  -8.9794054e-01  -1.0100000e+00
   1.9454012e-02  -8.9518519e-01  -1.0100000e+00
   1.9454012e-02  -8.9518519e-01  -1.0100000e+00
   1.9572094e-02  -8.9178875e-01  -1.0100000e+00
   1.9572094e-02  -8.9178875e-01  -1.0100000e+00
   1.9664508e-02  -8.8902439e-01  -1.0100000e+00
   1.9664508e-02  -8.8902439e-01  -1.0100000e+00
   1.9783868e-02  -8.8554218e-01  -1.0100000e+00
   1.9783868e-02  -8.8554218e-01  -1.0100000e+00
   1.9874935e-02  -8.8277108e-01  -1.0100000e+00
   1.9874935e-02  -8.8277108e-01  -1.0100000e+00
   1.9995572e-02  -8.7920434e-01  -1.0100000e+00
   1.9995572e-02  -8.7920434e-01  -1.0100000e+00
   2.0000000e-02  -8.7906988e-01  -1.0100000e+00
   2.0022139e-02  -8.7910081e-01  -1.0100000e+00
   2.0095896e-02  -8.7920377e-01  -1.0100000e+00
   2.0095896e-02  -8.7920377e-01  -1.0100000e+00
   2.0206592e-02  -8.7935803e-01  -1.0100000e+00
   2.0317288e-02  -8.7951198e-01  -1.0100000e+00
   2.0538680e-02  -8.7981896e-01  -1.0100000e+00
   2.0981463e-02  -8.8042921e-01  -1.0100000e+00
   2.1867031e-02  -8.8163515e-01  -1.0100000e+00
   2.2714294e-02  -8.8277108e-01  -1.0100000e+00
   2.2714294e-02  -8.8277108e-01  -1.0100000e+00
   2.4485428e-02  -8.8526801e-01  -1.0100000e+00
   2.4663412e-02  -8.8551479e-01  -1.0100000e+00
   2.4663412e-02  -8.8551479e-01  -1.0100000e+00
   2.6434547e-02  -8.8793047e-01  -1.0100000e+00
   2.7254253e-02  -8.8902439e-01  -1.0100000e+00
   2.7254253e-02  -8.8902439e-01  -1.0100000e+00
   2.7552934e-02  -8.8944629e-01  -1.0100000e+00
   2.7552934e-02  -8.8944629e-01  -1.0100000e+00
   2.7661001e-02  -8.8959845e-01  -1.0100000e+00
   2.7661001e-02  -8.8959845e-01  -1.0100000e+00
   2.7769068e-02  -8.8975034e-01  -1.0100000e+00
   2.7877134e-02  -8.8990197e-01  -1.0100000e+00
   2.8093268e-02  -8.9020446e-01  -1.0100000e+00
   2.8525536e-02  -8.9080631e-01  -1.0100000e+00
   2.9199168e-02  -8.9173602e-01  -1.0100000e+00
   2.9199168e-02  -8.9173602e-01  -1.0100000e+00
   3.0063704e-02  -8.9291480e-01  -1.0100000e+00
   3.0928239e-02  -8.9407767e-01  -1.0100000e+00
   3.1762644e-02  -8.9518519e-01  -1.0100000e+00
   3.1762644e-02  -8.9518519e-01  -1.0100000e+00
   3.3491715e-02  -8.9757470e-01  -1.0100000e+00
   3.3704073e-02  -8.9786397e-01  -1.0100000e+00
   3.3704073e-02  -8.9786397e-01  -1.0100000e+00
   3.5433144e-02  -9.0018594e-01  -1.0100000e+00
   3.6240370e-02  -9.0125000e-01  -1.0100000e+00
   3.6240370e-02  -9.0125000e-01  -1.0100000e+00
   3.7969441e-02  -9.0361244e-01  -1.0100000e+00
   3.8179027e-02  -9.0389497e-01  -1.0100000e+00
   3.8179027e-02  -9.0389497e-01  -1.0100000e+00
   3.9908098e-02  -9.0619502e-01  -1.0100000e+00
   4.0688325e-02  -9.0721519e-01  -1.0100000e+00
   4.0688325e-02  -9.0721519e-01  -1.0100000e+00
   4.2417397e-02  -9.0954863e-01  -1.0100000e+00
   4.2624919e-02  -9.0982519e-01  -1.0100000e+00
   4.2624919e-02  -9.0982519e-01  -1.0100000e+00
   4.4353990e-02  -9.1210098e-01  -1.0100000e+00
   4.5107395e-02  -9.1307692e-01  -1.0100000e+00
   4.5107395e-02  -9.1307692e-01  -1.0100000e+00
   4.5788007e-02  -9.1398898e-01  -1.0100000e+00
   4.5788007e-02  -9.1398898e-01  -1.0100000e+00
   4.6017270e-02  -9.1429451e-01  -1.0100000e+00
   4.6017270e-02  -9.1429451e-01  -1.0100000e+00
   4.6246534e-02  -9.1459918e-01  -1.0100000e+00
   4.6475797e-02  -9.1490302e-01  -1.0100000e+00
   4.6934324e-02  -9.1550816e-01  -1.0100000e+00
   4.7042633e-02  -9.1565061e-01  -1.0100000e+00
   4.7042633e-02  -9.1565061e-01  -1.0100000e+00
   4.7959687e-02  -9.1684930e-01  -1.0100000e+00
   4.8876740e-02  -9.1803483e-01  -1.0100000e+00
   4.9498456e-02  -9.1883117e-01  -1.0100000e+00
   4.9498456e-02  -9.1883117e-01  -1.0100000e+00
   5.1332563e-02  -9.2123665e-01  -1.0100000e+00
   5.1433044e-02  -9.2136700e-01  -1.0100000e+00
   5.1433044e-02  -9.2136700e-01  -1.0100000e+00
   5.3267152e-02  -9.2372034e-01  -1.0100000e+00
   5.3862379e-02  -9.2447368e-01  -1.0100000e+00
   5.3862379e-02  -9.2447368e-01  -1.0100000e+00
   5.5696487e-02  -9.2684146e-01  -1.0100000e+00
   5.5797024e-02  -9.2696992e-01  -1.0100000e+00
   5.5797024e-02  -9.2696992e-01  -1.0100000e+00
   5.7631131e-02  -9.2928957e-01  -1.0100000e+00
   5.8200030e-02  -9.3000000e-01  -1.0100000e+00
   5.8200030e-02  -9.3000000e-01  -1.0100000e+00
   6.0034138e-02  -9.3232740e-01  -1.0100000e+00
   6.0135439e-02  -9.3245471e-01  -1.0100000e+00
   6.0135439e-02  -9.3245471e-01  -1.0100000e+00
   6.1969546e-02  -9.3473775e-01  -1.0100000e+00
   6.2512271e-02  -9.3540541e-01  -1.0100000e+00
   6.2512271e-02  -9.3540541e-01  -1.0100000e+00
   6.4346378e-02  -9.3768959e-01  -1.0100000e+00
   6.4449154e-02  -9.3781644e-01  -1.0100000e+00
   6.4449154e-02  -9.3781644e-01  -1.0100000e+00
   6.4911477e-02  -9.3838553e-01  -1.0100000e+00
   6.4911477e-02  -9.3838553e-01  -1.0100000e+00
   6.5278530e-02  -9.3883561e-01  -1.0100000e+00
   6.5278530e-02  -9.3883561e-01  -1.0100000e+00
   6.5645584e-02  -9.3928416e-01  -1.0100000e+00
   6.6012638e-02  -9.3973118e-01  -1.0100000e+00
   6.6746745e-02  -9.4062069e-01  -1.0100000e+00
   6.6799960e-02  -9.4068493e-01  -1.0100000e+00
   6.6799960e-02  -9.4068493e-01  -1.0100000e+00
   6.8268175e-02  -9.4247931e-01  -1.0100000e+00
   6.8739032e-02  -9.4304991e-01  -1.0100000e+00
   6.8739032e-02  -9.4304991e-01  -1.0100000e+00
   7.0207246e-02  -9.4481420e-01  -1.0100000e+00
   7.1063957e-02  -9.4583333e-01  -1.0100000e+00
   7.1063957e-02  -9.4583333e-01  -1.0100000e+00
   7.2532171e-02  -9.4758795e-01  -1.0100000e+00
   7.3005937e-02  -9.4814965e-01  -1.0100000e+00
   7.3005937e-02  -9.4814965e-01  -1.0100000e+00
   7.4474152e-02  -9.4987670e-01  -1.0100000e+00
   7.5305119e-02  -9.5084507e-01  -1.0100000e+00
   7.5305119e-02  -9.5084507e-01  -1.0100000e+00
   7.6692501e-02  -9.5246349e-01  -1.0100000e+00
   7.6692501e-02  -9.5246349e-01  -1.0100000e+00
   7.7250736e-02  -9.5310987e-01  -1.0100000e+00
   7.7250736e-02  -9.5310987e-01  -1.0100000e+00
   7.7457725e-02  -9.5334884e-01  -1.0100000e+00
   7.7457725e-02  -9.5334884e-01  -1.0100000e+00
   7.7664715e-02  -9.5358745e-01  -1.0100000e+00
   7.7871705e-02  -9.5382567e-01  -1.0100000e+00
   7.8285685e-02  -9.5430100e-01  -1.0100000e+00
   7.9113645e-02  -9.5524718e-01  -1.0100000e+00
   7.9379457e-02  -9.5554969e-01  -1.0100000e+00
   7.9379457e-02  -9.5554969e-01  -1.0100000e+00
   7.9524308e-02  -9.5571429e-01  -1.0100000e+00
   7.9524308e-02  -9.5571429e-01  -1.0100000e+00
   7.9669158e-02  -9.5587952e-01  -1.0100000e+00
   7.9814009e-02  -9.5604458e-01  -1.0100000e+00
   8.0103710e-02  -9.5637419e-01  -1.0100000e+00
   8.0253636e-02  -9.5654451e-01  -1.0100000e+00
   8.0253636e-02  -9.5654451e-01  -1.0100000e+00
   8.0833038e-02  -9.5586853e-01  -1.0100000e+00
   8.0964985e-02  -9.5571429e-01  -1.0100000e+00
   8.0964985e-02  -9.5571429e-01  -1.0100000e+00
   8.1457436e-02  -9.5514038e-01  -1.0100000e+00
   8.1457436e-02  -9.5514038e-01  -1.0100000e+00
   8.1949886e-02  -9.5456477e-01  -1.0100000e+00
   8.2442336e-02  -9.5398743e-01  -1.0100000e+00
   8.3427237e-02  -9.5282758e-01  -1.0100000e+00
   8.5097178e-02  -9.5084507e-01  -1.0100000e+00
   8.5097178e-02  -9.5084507e-01  -1.0100000e+00
   8.5623369e-02  -9.5022219e-01  -1.0100000e+00
   8.5623369e-02  -9.5022219e-01  -1.0100000e+00
   8.6149560e-02  -9.4959715e-01  -1.0100000e+00
   8.6675751e-02  -9.4896996e-01  -1.0100000e+00
   8.7728132e-02  -9.4770907e-01  -1.0100000e+00
   8.9280339e-02  -9.4583333e-01  -1.0100000e+00
   8.9280339e-02  -9.4583333e-01  -1.0100000e+00
   8.9841224e-02  -9.4516042e-01  -1.0100000e+00
   8.9841224e-02  -9.4516042e-01  -1.0100000e+00
   9.0402109e-02  -9.4448485e-01  -1.0100000e+00
   9.0962994e-02  -9.4380659e-01  -1.0100000e+00
   9.2084764e-02  -9.4244198e-01  -1.0100000e+00
   9.3516119e-02  -9.4068493e-01  -1.0100000e+00
   9.3516119e-02  -9.4068493e-01  -1.0100000e+00
   9.4112703e-02  -9.3996103e-01  -1.0100000e+00
   9.4112703e-02  -9.3996103e-01  -1.0100000e+00
   9.4709288e-02  -9.3923384e-01  -1.0100000e+00
   9.5305872e-02  -9.3850335e-01  -1.0100000e+00
   9.6499041e-02  -9.3703239e-01  -1.0100000e+00
   9.7806251e-02  -9.3540541e-01  -1.0100000e+00
   9.7806251e-02  -9.3540541e-01  -1.0100000e+00
   9.8439596e-02  -9.3462960e-01  -1.0100000e+00
   9.8439596e-02  -9.3462960e-01  -1.0100000e+00
   9.9072941e-02  -9.3384979e-01  -1.0100000e+00
   9.9706286e-02  -9.3306595e-01  -1.0100000e+00
   1.0097298e-01  -9.3148606e-01  -1.0100000e+00
   1.0215256e-01  -9.3000000e-01  -1.0100000e+00
   1.0215256e-01  -9.3000000e-01  -1.0100000e+00
   1.0282379e-01  -9.2917146e-01  -1.0100000e+00
   1.0282379e-01  -9.2917146e-01  -1.0100000e+00
   1.0349501e-01  -9.2833807e-01  -1.0100000e+00
   1.0416624e-01  -9.2749979e-01  -1.0100000e+00
   1.0550869e-01  -9.2580838e-01  -1.0100000e+00
   1.0655696e-01  -9.2447368e-01  -1.0100000e+00
   1.0655696e-01  -9.2447368e-01  -1.0100000e+00
   1.0726726e-01  -9.2359165e-01  -1.0100000e+00
   1.0726726e-01  -9.2359165e-01  -1.0100000e+00
   1.0797756e-01  -9.2270376e-01  -1.0100000e+00
   1.0868785e-01  -9.2180996e-01  -1.0100000e+00
   1.1010844e-01  -9.2000443e-01  -1.0100000e+00
   1.1102150e-01  -9.1883117e-01  -1.0100000e+00
   1.1102150e-01  -9.1883117e-01  -1.0100000e+00
   1.1177212e-01  -9.1789492e-01  -1.0100000e+00
   1.1177212e-01  -9.1789492e-01  -1.0100000e+00
   1.1252274e-01  -9.1695166e-01  -1.0100000e+00
   1.1327336e-01  -9.1600130e-01  -1.0100000e+00
   1.1477460e-01  -9.1407901e-01  -1.0100000e+00
   1.1554830e-01  -9.1307692e-01  -1.0100000e+00
   1.1554830e-01  -9.1307692e-01  -1.0100000e+00
   1.1634057e-01  -9.1208582e-01  -1.0100000e+00
   1.1634057e-01  -9.1208582e-01  -1.0100000e+00
   1.1713285e-01  -9.1108634e-01  -1.0100000e+00
   1.1792513e-01  -9.1007839e-01  -1.0100000e+00
   1.1950968e-01  -9.0803662e-01  -1.0100000e+00
   1.2013963e-01  -9.0721519e-01  -1.0100000e+00
   1.2013963e-01  -9.0721519e-01  -1.0100000e+00
   1.2097498e-01  -9.0616866e-01  -1.0100000e+00
   1.2097498e-01  -9.0616866e-01  -1.0100000e+00
   1.2181033e-01  -9.0511215e-01  -1.0100000e+00
   1.2264568e-01  -9.0404555e-01  -1.0100000e+00
   1.2431638e-01  -9.0188147e-01  -1.0100000e+00
   1.2479789e-01  -9.0125000e-01  -1.0100000e+00
   1.2479789e-01  -9.0125000e-01  -1.0100000e+00
   1.2567782e-01  -9.0014752e-01  -1.0100000e+00
   1.2567782e-01  -9.0014752e-01  -1.0100000e+00
   1.2655774e-01  -8.9903321e-01  -1.0100000e+00
   1.2743767e-01  -8.9790690e-01  -1.0100000e+00
   1.2919753e-01  -8.9561752e-01  -1.0100000e+00
   1.2952563e-01  -8.9518519e-01  -1.0100000e+00
   1.2952563e-01  -8.9518519e-01  -1.0100000e+00
   1.3045174e-01  -8.9402631e-01  -1.0100000e+00
   1.3045174e-01  -8.9402631e-01  -1.0100000e+00
   1.3137785e-01  -8.9285344e-01  -1.0100000e+00
   1.3230396e-01  -8.9166635e-01  -1.0100000e+00
   1.3415618e-01  -8.8924845e-01  -1.0100000e+00
   1.3432555e-01  -8.8902439e-01  -1.0100000e+00
   1.3432555e-01  -8.8902439e-01  -1.0100000e+00
   1.3529955e-01  -8.8780875e-01  -1.0100000e+00
   1.3529955e-01  -8.8780875e-01  -1.0100000e+00
   1.3627355e-01  -8.8657659e-01  -1.0100000e+00
   1.3724755e-01  -8.8532759e-01  -1.0100000e+00
   1.3919556e-01  -8.8277768e-01  -1.0100000e+00
   1.3920052e-01  -8.8277108e-01  -1.0100000e+00
   1.3920052e-01  -8.8277108e-01  -1.0100000e+00
   1.4022425e-01  -8.8149841e-01  -1.0100000e+00
   1.4022425e-01  -8.8149841e-01  -1.0100000e+00
   1.4124797e-01  -8.8020624e-01  -1.0100000e+00
   1.4227169e-01  -8.7889414e-01  -1.0100000e+00
   1.4415363e-01  -8.7642857e-01  -1.0100000e+00
   1.4415363e-01  -8.7642857e-01  -1.0100000e+00
   1.4522903e-01  -8.7509867e-01  -1.0100000e+00
   1.4522903e-01  -8.7509867e-01  -1.0100000e+00
   1.4630443e-01  -8.7374579e-01  -1.0100000e+00
   1.4737983e-01  -8.7236934e-01  -1.0100000e+00
   1.4918814e-01  -8.7000000e-01  -1.0100000e+00
   1.4918814e-01  -8.7000000e-01  -1.0100000e+00
   1.5031732e-01  -8.6861282e-01  -1.0100000e+00
   1.5031732e-01  -8.6861282e-01  -1.0100000e+00
   1.5144649e-01  -8.6719854e-01  -1.0100000e+00
   1.5257567e-01  -8.6575637e-01  -1.0100000e+00
   1.5430757e-01  -8.6348837e-01  -1.0100000e+00
   1.5430757e-01  -8.6348837e-01  -1.0100000e+00
   1.5549277e-01  -8.6204400e-01  -1.0100000e+00
   1.5549277e-01  -8.6204400e-01  -1.0100000e+00
   1.5667798e-01  -8.6056764e-01  -1.0100000e+00
   1.5786319e-01  -8.5905825e-01  -1.0100000e+00
   1.5951567e-01  -8.5689655e-01  -1.0100000e+00
   1.5951567e-01  -8.5689655e-01  -1.0100000e+00
   1.6075933e-01  -8.5539527e-01  -1.0100000e+00
   1.6075933e-01  -8.5539527e-01  -1.0100000e+00
   1.6200300e-01  -8.5385617e-01  -1.0100000e+00
   1.6324667e-01  -8.5227784e-01  -1.0100000e+00
   1.6481648e-01  -8.5022727e-01  -1.0100000e+00
   1.6481648e-01  -8.5022727e-01  -1.0100000e+00
   1.6612123e-01  -8.4866960e-01  -1.0100000e+00
   1.6612123e-01  -8.4866960e-01  -1.0100000e+00
   1.6742598e-01  -8.4706711e-01  -1.0100000e+00
   1.6873073e-01  -8.4541789e-01  -1.0100000e+00
   1.7021437e-01  -8.4348315e-01  -1.0100000e+00
   1.7021437e-01  -8.4348315e-01  -1.0100000e+00
   1.7158303e-01  -8.4186993e-01  -1.0100000e+00
   1.7158303e-01  -8.4186993e-01  -1.0100000e+00
   1.7295170e-01  -8.4020342e-01  -1.0100000e+00
   1.7432036e-01  -8.3848097e-01  -1.0100000e+00
   1.7571402e-01  -8.3666667e-01  -1.0100000e+00
   1.7571402e-01  -8.3666667e-01  -1.0100000e+00
   1.7714968e-01  -8.3499921e-01  -1.0100000e+00
   1.7714968e-01  -8.3499921e-01  -1.0100000e+00
   1.7858534e-01  -8.3326807e-01  -1.0100000e+00
   1.8002099e-01  -8.3146958e-01  -1.0100000e+00
   1.8132054e-01  -8.2978022e-01  -1.0100000e+00
   1.8132054e-01  -8.2978022e-01  -1.0100000e+00
   1.8282653e-01  -8.2806047e-01  -1.0100000e+00
   1.8282653e-01  -8.2806047e-01  -1.0100000e+00
   1.8433252e-01  -8.2626414e-01  -1.0100000e+00
   1.8583851e-01  -8.2438606e-01  -1.0100000e+00
   1.8703943e-01  -8.2282609e-01  -1.0100000e+00
   1.8703943e-01  -8.2282609e-01  -1.0100000e+00
   1.8861940e-01  -8.2105692e-01  -1.0100000e+00
   1.8861940e-01  -8.2105692e-01  -1.0100000e+00
   1.9019938e-01  -8.1919492e-01  -1.0100000e+00
   1.9091741e-01  -8.1831606e-01  -1.0100000e+00
   1.9091741e-01  -8.1831606e-01  -1.0100000e+00
   1.9249738e-01  -8.1870412e-01  -1.0100000e+00
   1.9254889e-01  -8.1871666e-01  -1.0100000e+00
   1.9254889e-01  -8.1871666e-01  -1.0100000e+00
   1.9287672e-01  -8.1879630e-01  -1.0100000e+00
   1.9287672e-01  -8.1879630e-01  -1.0100000e+00
   1.9320455e-01  -8.1887565e-01  -1.0100000e+00
   1.9353238e-01  -8.1895471e-01  -1.0100000e+00
   1.9418804e-01  -8.1911200e-01  -1.0100000e+00
   1.9453467e-01  -8.1919471e-01  -1.0100000e+00
   1.9453467e-01  -8.1919471e-01  -1.0100000e+00
   1.9584599e-01  -8.1950477e-01  -1.0100000e+00
   1.9715731e-01  -8.1981048e-01  -1.0100000e+00
   1.9883950e-01  -8.2019637e-01  -1.0100000e+00
   1.9883950e-01  -8.2019637e-01  -1.0100000e+00
   2.0057981e-01  -8.2058836e-01  -1.0100000e+00
   2.0057981e-01  -8.2058836e-01  -1.0100000e+00
   2.0232012e-01  -8.2097315e-01  -1.0100000e+00
   2.0406043e-01  -8.2135092e-01  -1.0100000e+00
   2.0493637e-01  -8.2153846e-01  -1.0100000e+00
   2.0493637e-01  -8.2153846e-01  -1.0100000e+00
   2.0676394e-01  -8.2192424e-01  -1.0100000e+00
   2.0676394e-01  -8.2192424e-01  -1.0100000e+00
   2.0859151e-01  -8.2230273e-01  -1.0100000e+00
   2.1041909e-01  -8.2267410e-01  -1.0100000e+00
   2.1117708e-01  -8.2282609e-01  -1.0100000e+00
   2.1117708e-01  -8.2282609e-01  -1.0100000e+00
   2.1309739e-01  -8.2328633e-01  -1.0100000e+00
   2.1309739e-01  -8.2328633e-01  -1.0100000e+00
   2.1501770e-01  -8.2373773e-01  -1.0100000e+00
   2.1693801e-01  -8.2418051e-01  -1.0100000e+00
   2.1757255e-01  -8.2432496e-01  -1.0100000e+00
   2.1757255e-01  -8.2432496e-01  -1.0100000e+00
   2.1959178e-01  -8.2477860e-01  -1.0100000e+00
   2.1959178e-01  -8.2477860e-01  -1.0100000e+00
   2.2161100e-01  -8.2522323e-01  -1.0100000e+00
   2.2363022e-01  -8.2565907e-01  -1.0100000e+00
   2.2413523e-01  -8.2576673e-01  -1.0100000e+00
   2.2413523e-01  -8.2576673e-01  -1.0100000e+00
   2.2626036e-01  -8.2621396e-01  -1.0100000e+00
   2.2626036e-01  -8.2621396e-01  -1.0100000e+00
   2.2838549e-01  -8.2665199e-01  -1.0100000e+00
   2.3051062e-01  -8.2708105e-01  -1.0100000e+00
   2.3087927e-01  -8.2715458e-01  -1.0100000e+00
   2.3087927e-01  -8.2715458e-01  -1.0100000e+00
   2.3311830e-01  -8.2759560e-01  -1.0100000e+00
   2.3311830e-01  -8.2759560e-01  -1.0100000e+00
   2.3535732e-01  -8.2802720e-01  -1.0100000e+00
   2.3759635e-01  -8.2844962e-01  -1.0100000e+00
   2.3782096e-01  -8.2849150e-01  -1.0100000e+00
   2.3782096e-01  -8.2849150e-01  -1.0100000e+00
   2.4018306e-01  -8.2892650e-01  -1.0100000e+00
   2.4018306e-01  -8.2892650e-01  -1.0100000e+00
   2.4254517e-01  -8.2935182e-01  -1.0100000e+00
   2.4490728e-01  -8.2976772e-01  -1.0100000e+00
   2.4497912e-01  -8.2978022e-01  -1.0100000e+00
   2.4497912e-01  -8.2978022e-01  -1.0100000e+00
   2.4747497e-01  -8.3028844e-01  -1.0100000e+00
   2.4747497e-01  -8.3028844e-01  -1.0100000e+00
   2.4997083e-01  -8.3078499e-01  -1.0100000e+00
   2.5246668e-01  -8.3127018e-01  -1.0100000e+00
   2.5745838e-01  -8.3220757e-01  -1.0100000e+00
   2.6495533e-01  -8.3353687e-01  -1.0100000e+00
   2.6495533e-01  -8.3353687e-01  -1.0100000e+00
   2.6799665e-01  -8.3405058e-01  -1.0100000e+00
   2.6799665e-01  -8.3405058e-01  -1.0100000e+00
   2.7103797e-01  -8.3455017e-01  -1.0100000e+00
   2.7407930e-01  -8.3503604e-01  -1.0100000e+00
   2.8016194e-01  -8.3596810e-01  -1.0100000e+00
   2.8495392e-01  -8.3666667e-01  -1.0100000e+00
   2.8495392e-01  -8.3666667e-01  -1.0100000e+00
   2.8836428e-01  -8.3722294e-01  -1.0100000e+00
   2.8836428e-01  -8.3722294e-01  -1.0100000e+00
   2.9177465e-01  -8.3776219e-01  -1.0100000e+00
   2.9518501e-01  -8.3828489e-01  -1.0100000e+00
   3.0200574e-01  -8.3928240e-01  -1.0100000e+00
   3.1564719e-01  -8.4109725e-01  -1.0100000e+00
   3.3681881e-01  -8.4348315e-01  -1.0100000e+00
   3.3681881e-01  -8.4348315e-01  -1.0100000e+00
   3.4219409e-01  -8.4408867e-01  -1.0100000e+00
   3.4219409e-01  -8.4408867e-01  -1.0100000e+00
   3.4266920e-01  -8.4414060e-01  -1.0100000e+00
   3.4266920e-01  -8.4414060e-01  -1.0100000e+00
   3.4267742e-01  -8.4414149e-01  -1.0100000e+00
   3.4267742e-01  -8.4414149e-01  -1.0100000e+00
   3.4277774e-01  -8.4415242e-01  -1.0100000e+00
   3.4287806e-01  -8.4416334e-01  -1.0100000e+00
   3.4307871e-01  -8.4418515e-01  -1.0100000e+00
   3.4348001e-01  -8.4422862e-01  -1.0100000e+00
   3.4428260e-01  -8.4431503e-01  -1.0100000e+00
   3.4588778e-01  -8.4448566e-01  -1.0100000e+00
   3.4909815e-01  -8.4481836e-01  -1.0100000e+00
   3.5551888e-01  -8.4545012e-01  -1.0100000e+00
   3.5903358e-01  -8.4577739e-01  -1.0100000e+00
   3.5903358e-01  -8.4577739e-01  -1.0100000e+00
   3.5932531e-01  -8.4580398e-01  -1.0100000e+00
   3.5932531e-01  -8.4580398e-01  -1.0100000e+00
   3.5961704e-01  -8.4583047e-01  -1.0100000e+00
   3.5990877e-01  -8.4585688e-01  -1.0100000e+00
   3.6049223e-01  -8.4590943e-01  -1.0100000e+00
   3.6165915e-01  -8.4601348e-01  -1.0100000e+00
   3.6399299e-01  -8.4621741e-01  -1.0100000e+00
   3.6866067e-01  -8.4660875e-01  -1.0100000e+00
   3.7799604e-01  -8.4732703e-01  -1.0100000e+00
   3.8838558e-01  -8.4802888e-01  -1.0100000e+00
   3.8838558e-01  -8.4802888e-01  -1.0100000e+00
   3.8856398e-01  -8.4804006e-01  -1.0100000e+00
   3.8856398e-01  -8.4804006e-01  -1.0100000e+00
   3.8874239e-01  -8.4784137e-01  -1.0100000e+00
   3.8892079e-01  -8.4764190e-01  -1.0100000e+00
   3.8927760e-01  -8.4724066e-01  -1.0100000e+00
   3.8999121e-01  -8.4642875e-01  -1.0100000e+00
   3.9141843e-01  -8.4476625e-01  -1.0100000e+00
   3.9179156e-01  -8.4432288e-01  -1.0100000e+00
   3.9179156e-01  -8.4432288e-01  -1.0100000e+00
   3.9248986e-01  -8.4348315e-01  -1.0100000e+00
   3.9248986e-01  -8.4348315e-01  -1.0100000e+00
   3.9318815e-01  -8.4273685e-01  -1.0100000e+00
   3.9388645e-01  -8.4197824e-01  -1.0100000e+00
   3.9528304e-01  -8.4042294e-01  -1.0100000e+00
   3.9781207e-01  -8.3747015e-01  -1.0100000e+00
   3.9781207e-01  -8.3747015e-01  -1.0100000e+00
   3.9793384e-01  -8.3732333e-01  -1.0100000e+00
   3.9793384e-01  -8.3732333e-01  -1.0100000e+00
   3.9794534e-01  -8.3730944e-01  -1.0097942e+00
   3.9794534e-01  -8.3730944e-01  -1.0097942e+00
   3.9804566e-01  -8.3718812e-01  -1.0080038e+00
   3.9814599e-01  -8.3706649e-01  -1.0062229e+00
   3.9834664e-01  -8.3682233e-01  -1.0026892e+00
   3.9847404e-01  -8.3666667e-01  -1.0004646e+00
   3.9847404e-01  -8.3666667e-01  -1.0004646e+00
   3.9887534e-01  -8.3624176e-01  -9.9355338e-01
   3.9927664e-01  -8.3581244e-01  -9.8678329e-01
   4.0007923e-01  -8.3494029e-01  -9.7364773e-01
   4.0168441e-01  -8.3314000e-01  -9.4887450e-01
   4.0388200e-01  -8.3054685e-01  -9.1782554e-01
   4.0388200e-01  -8.3054685e-01  -9.1782554e-01
   4.0450736e-01  -8.2978022e-01  -9.0953041e-01
   4.0450736e-01  -8.2978022e-01  -9.0953041e-01
   4.0510210e-01  -8.2915381e-01  -9.0184516e-01
   4.0510210e-01  -8.2915381e-01  -9.0184516e-01
   4.0569685e-01  -8.2851662e-01  -8.9435026e-01
   4.0572010e-01  -8.2849150e-01  -8.9406112e-01
   4.0572010e-01  -8.2849150e-01  -8.9406112e-01
   4.0631484e-01  -8.2784281e-01  -8.8675571e-01
   4.0632414e-01  -8.2783258e-01  -8.8664294e-01
   4.0632414e-01  -8.2783258e-01  -8.8664294e-01
   4.0691889e-01  -8.2717236e-01  -8.7951504e-01
   4.0693476e-01  -8.2715458e-01  -8.7932717e-01
   4.0693476e-01  -8.2715458e-01  -8.7932717e-01
   4.0752951e-01  -8.2648240e-01  -8.7237143e-01
   4.0754819e-01  -8.2646110e-01  -8.7215557e-01
   4.0754819e-01  -8.2646110e-01  -8.7215557e-01
   4.0814294e-01  -8.2577658e-01  -8.6536580e-01
   4.0815142e-01  -8.2576673e-01  -8.6527007e-01
   4.0815142e-01  -8.2576673e-01  -8.6527007e-01
   4.0874617e-01  -8.2506976e-01  -8.5863707e-01
   4.0877434e-01  -8.2503645e-01  -8.5832667e-01
   4.0877434e-01  -8.2503645e-01  -8.5832667e-01
   4.0936909e-01  -8.2432627e-01  -8.5184922e-01
   4.0937017e-01  -8.2432496e-01  -8.5183752e-01
   4.0937017e-01  -8.2432496e-01  -8.5183752e-01
   4.0996492e-01  -8.2360182e-01  -8.4550316e-01
   4.1000267e-01  -8.2355547e-01  -8.4510577e-01
   4.1000267e-01  -8.2355547e-01  -8.4510577e-01
   4.1059110e-01  -8.2282609e-01  -8.3898262e-01
   4.1059110e-01  -8.2282609e-01  -8.3898262e-01
   4.1117952e-01  -8.2221290e-01  -8.3298898e-01
   4.1123309e-01  -8.2215650e-01  -8.3244960e-01
   4.1123309e-01  -8.2215650e-01  -8.3244960e-01
   4.1181409e-01  -8.2153846e-01  -8.2666517e-01
   4.1181409e-01  -8.2153846e-01  -8.2666517e-01
   4.1239510e-01  -8.2090863e-01  -8.2099794e-01
   4.1246548e-01  -8.2083151e-01  -8.2031915e-01
   4.1246548e-01  -8.2083151e-01  -8.2031915e-01
   4.1303905e-01  -8.2019637e-01  -8.1484881e-01
   4.1303905e-01  -8.2019637e-01  -8.1484881e-01
   4.1361261e-01  -8.1954905e-01  -8.0948472e-01
   4.1369993e-01  -8.1944941e-01  -8.0867721e-01
   4.1369993e-01  -8.1944941e-01  -8.0867721e-01
   4.1411189e-01  -8.1897538e-01  -8.0489920e-01
   4.1411189e-01  -8.1897538e-01  -8.0489920e-01
   4.1426605e-01  -8.1879630e-01  -8.0349874e-01
   4.1426605e-01  -8.1879630e-01  -8.0349874e-01
   4.1442021e-01  -8.1861628e-01  -8.0210542e-01
   4.1457437e-01  -8.1843531e-01  -8.0071920e-01
   4.1467552e-01  -8.1831606e-01  -7.9981345e-01
   4.1467552e-01  -8.1831606e-01  -7.9981345e-01
   4.1493373e-01  -8.1980801e-01  -7.9751497e-01
   4.1493373e-01  -8.1980801e-01  -7.9751497e-01
   4.1519194e-01  -8.2123715e-01  -7.9523581e-01
   4.1545015e-01  -8.2260725e-01  -7.9297571e-01
   4.1549241e-01  -8.2282609e-01  -7.9260765e-01
   4.1549241e-01  -8.2282609e-01  -7.9260765e-01
   4.1600883e-01  -8.2593180e-01  -7.8814957e-01
   4.1615787e-01  -8.2678416e-01  -7.8687661e-01
   4.1615787e-01  -8.2678416e-01  -7.8687661e-01
   4.1667429e-01  -8.2959769e-01  -7.8251205e-01
   4.1670916e-01  -8.2978022e-01  -7.8221990e-01
   4.1670916e-01  -8.2978022e-01  -7.8221990e-01
   4.1722558e-01  -8.3286322e-01  -7.7793030e-01
   4.1737186e-01  -8.3369828e-01  -7.7672775e-01
   4.1737186e-01  -8.3369828e-01  -7.7672775e-01
   4.1788828e-01  -8.3652133e-01  -7.7252539e-01
   4.1791582e-01  -8.3666667e-01  -7.7230311e-01
   4.1791582e-01  -8.3666667e-01  -7.7230311e-01
   4.1843224e-01  -8.3972844e-01  -7.6817011e-01
   4.1857596e-01  -8.4054696e-01  -7.6703140e-01
   4.1857596e-01  -8.4054696e-01  -7.6703140e-01
   4.1909238e-01  -8.4337553e-01  -7.6297999e-01
   4.1911266e-01  -8.4348315e-01  -7.6282216e-01
   4.1911266e-01  -8.4348315e-01  -7.6282216e-01
   4.1953565e-01  -8.4598695e-01  -7.5955186e-01
   4.1953565e-01  -8.4598695e-01  -7.5955186e-01
   4.1995865e-01  -8.4837696e-01  -7.5632217e-01
   4.2017959e-01  -8.4958252e-01  -7.5465109e-01
   4.2017959e-01  -8.4958252e-01  -7.5465109e-01
   4.2060258e-01  -8.4959747e-01  -7.5148159e-01
   4.2102558e-01  -8.4961227e-01  -7.4835060e-01
   4.2187157e-01  -8.4964142e-01  -7.4220094e-01
   4.2215367e-01  -8.4965101e-01  -7.4018279e-01
   4.2215367e-01  -8.4965101e-01  -7.4018279e-01
   4.2266696e-01  -8.4966829e-01  -7.3655121e-01
   4.2266696e-01  -8.4966829e-01  -7.3655121e-01
   4.2318025e-01  -8.4968535e-01  -7.3297091e-01
   4.2369355e-01  -8.4970219e-01  -7.2944066e-01
   4.2472013e-01  -8.4973521e-01  -7.2252554e-01
   4.2677331e-01  -8.4979864e-01  -7.0924587e-01
   4.2811036e-01  -8.4983808e-01  -7.0096735e-01
   4.2811036e-01  -8.4983808e-01  -7.0096735e-01
   4.2858350e-01  -8.4985168e-01  -6.9810379e-01
   4.2858350e-01  -8.4985168e-01  -6.9810379e-01
   4.2905664e-01  -8.4986510e-01  -6.9527357e-01
   4.2952977e-01  -8.4987834e-01  -6.9247603e-01
   4.3047605e-01  -8.4990426e-01  -6.8697638e-01
   4.3236859e-01  -8.4995390e-01  -6.7634174e-01
   4.3406585e-01  -8.4999593e-01  -6.6719331e-01
   4.3406585e-01  -8.4999593e-01  -6.6719331e-01
   4.3449886e-01  -8.5000628e-01  -6.6491510e-01
   4.3449886e-01  -8.5000628e-01  -6.6491510e-01
   4.3493187e-01  -8.5001648e-01  -6.6265881e-01
   4.3536489e-01  -8.5002652e-01  -6.6042408e-01
   4.3623091e-01  -8.5004615e-01  -6.5601786e-01
   4.3796296e-01  -8.5008358e-01  -6.4744888e-01
   4.4002033e-01  -8.5012488e-01  -6.3766849e-01
   4.4002033e-01  -8.5012488e-01  -6.3766849e-01
   4.4041325e-01  -8.5013238e-01  -6.3584736e-01
   4.4041325e-01  -8.5013238e-01  -6.3584736e-01
   4.4080616e-01  -8.5013975e-01  -6.3404069e-01
   4.4119908e-01  -8.5014700e-01  -6.3224829e-01
   4.4198490e-01  -8.5016113e-01  -6.2870552e-01
   4.4355656e-01  -8.5018788e-01  -6.2178274e-01
   4.4597402e-01  -8.5022516e-01  -6.1153552e-01
   4.4597402e-01  -8.5022516e-01  -6.1153552e-01
   4.4612077e-01  -8.5022727e-01  -6.1092839e-01
   4.4612077e-01  -8.5022727e-01  -6.1092839e-01
   4.4626753e-01  -8.5022963e-01  -6.1032292e-01
   4.4632686e-01  -8.5023058e-01  -6.1007862e-01
   4.4632686e-01  -8.5023058e-01  -6.1007862e-01
   4.4647361e-01  -8.5023292e-01  -6.0947546e-01
   4.4662036e-01  -8.5023523e-01  -6.0887394e-01
   4.4691387e-01  -8.5023981e-01  -6.0767580e-01
   4.4750089e-01  -8.5024872e-01  -6.0529883e-01
   4.4867492e-01  -8.5026560e-01  -6.0062048e-01
   4.4993314e-01  -8.5028232e-01  -5.9571496e-01
   4.4993314e-01  -8.5028232e-01  -5.9571496e-01
   4.5046089e-01  -8.5028890e-01  -5.8685573e-01
   4.5046089e-01  -8.5028890e-01  -5.8685573e-01
   4.5098864e-01  -8.5029524e-01  -5.7789681e-01
   4.5151638e-01  -8.5030132e-01  -5.6884129e-01
   4.5192710e-01  -8.5030588e-01  -5.6172907e-01
   4.5192710e-01  -8.5030588e-01  -5.6172907e-01
   4.5223984e-01  -8.5030925e-01  -5.5627676e-01
   4.5223984e-01  -8.5030925e-01  -5.5627676e-01
   4.5255258e-01  -8.5031253e-01  -5.5079353e-01
   4.5286532e-01  -8.5031572e-01  -5.4528024e-01
   4.5349080e-01  -8.5032185e-01  -5.3416709e-01
   4.5474176e-01  -8.5033304e-01  -5.1162223e-01
   4.5724368e-01  -8.5035119e-01  -4.6551535e-01
   4.5787979e-01  -8.5035491e-01  -4.5363890e-01
   4.5787979e-01  -8.5035491e-01  -4.5363890e-01
   4.5815240e-01  -8.5035639e-01  -4.4853695e-01
   4.5815240e-01  -8.5035639e-01  -4.4853695e-01
   4.5842500e-01  -8.5035780e-01  -4.4342908e-01
   4.5869760e-01  -8.5035915e-01  -4.3831633e-01
   4.5924281e-01  -8.5036165e-01  -4.2808055e-01
   4.6033322e-01  -8.5036584e-01  -4.0759894e-01
   4.6251405e-01  -8.5037101e-01  -3.6685567e-01
   4.6383228e-01  -8.5037207e-01  -3.4257907e-01
   4.6383228e-01  -8.5037207e-01  -3.4257907e-01
   4.6406473e-01  -8.5037209e-01  -3.3833920e-01
   4.6406473e-01  -8.5037209e-01  -3.3833920e-01
   4.6429718e-01  -8.4977316e-01  -3.3411353e-01
   4.6452963e-01  -8.4917534e-01  -3.2990278e-01
   4.6499452e-01  -8.4798301e-01  -3.2152901e-01
   4.6592431e-01  -8.4561148e-01  -3.0499266e-01
   4.6778390e-01  -8.4092002e-01  -2.7292086e-01
   4.6983856e-01  -8.3581427e-01  -2.3936520e-01
   4.6983856e-01  -8.3581427e-01  -2.3936520e-01
   4.7003015e-01  -8.3534225e-01  -2.3635010e-01
   4.7003015e-01  -8.3534225e-01  -2.3635010e-01
   4.7022174e-01  -8.3482690e-01  -2.3335561e-01
   4.7041334e-01  -8.3431240e-01  -2.3038197e-01
   4.7079652e-01  -8.3328587e-01  -2.2449822e-01
   4.7156290e-01  -8.3124270e-01  -2.1299110e-01
   4.7309564e-01  -8.2719529e-01  -1.9106153e-01
   4.7595805e-01  -8.1977159e-01  -1.5418182e-01
   4.7595805e-01  -8.1977159e-01  -1.5418182e-01
   4.7610734e-01  -8.1938912e-01  -1.5240752e-01
   4.7610734e-01  -8.1938912e-01  -1.5240752e-01
   4.7625662e-01  -8.1901943e-01  -1.5064808e-01
   4.7640591e-01  -8.1865017e-01  -1.4890349e-01
   4.7670448e-01  -8.1791297e-01  -1.4545884e-01
   4.7730162e-01  -8.1644373e-01  -1.3874728e-01
   4.7849590e-01  -8.1352570e-01  -1.2603002e-01
   4.8088447e-01  -8.0776955e-01  -1.0334797e-01
   4.8217331e-01  -8.0470668e-01  -9.2566898e-02
   4.8217331e-01  -8.0470668e-01  -9.2566898e-02
   4.8219477e-01  -8.0465597e-01  -9.2395682e-02
   4.8219477e-01  -8.0465597e-01  -9.2395682e-02
   4.8229509e-01  -8.0441899e-01  -9.1598816e-02
   4.8230026e-01  -8.0440679e-01  -9.1557936e-02
   4.8230026e-01  -8.0440679e-01  -9.1557936e-02
   4.8240059e-01  -8.0415093e-01  -9.0767173e-02
   4.8250091e-01  -8.0389529e-01  -8.9982190e-02
   4.8270156e-01  -8.0338464e-01  -8.8429461e-02
   4.8310285e-01  -8.0236587e-01  -8.5392251e-02
   4.8390544e-01  -8.0033841e-01  -7.9585041e-02
   4.8551063e-01  -7.9632311e-01  -6.8991483e-02
   4.8855238e-01  -7.8885476e-01  -5.2297011e-02
   4.8855238e-01  -7.8885476e-01  -5.2297011e-02
   4.8861251e-01  -7.8870891e-01  -5.2007489e-02
   4.8861251e-01  -7.8870891e-01  -5.2007489e-02
   4.8871284e-01  -7.8844856e-01  -5.1527734e-02
   4.8881316e-01  -7.8818842e-01  -5.1052031e-02
   4.8901381e-01  -7.8766883e-01  -5.0112672e-02
   4.8941510e-01  -7.8663231e-01  -4.8281374e-02
   4.9021769e-01  -7.8456988e-01  -4.4802397e-02
   4.9182288e-01  -7.8048677e-01  -3.8531581e-02
   4.9503324e-01  -7.7248213e-01  -2.8382025e-02
   4.9504107e-01  -7.7246287e-01  -2.8360706e-02
   4.9504107e-01  -7.7246287e-01  -2.8360706e-02
   4.9505412e-01  -7.7243078e-01  -2.8325224e-02
   4.9505412e-01  -7.7243078e-01  -2.8325224e-02
   4.9515444e-01  -7.7216865e-01  -2.8053705e-02
   4.9525476e-01  -7.7190676e-01  -2.7784672e-02
   4.9545541e-01  -7.7138366e-01  -2.7253979e-02
   4.9585671e-01  -7.7034024e-01  -2.6221524e-02
   4.9665930e-01  -7.6826436e-01  -2.4267909e-02
   4.9826448e-01  -7.6415570e-01  -2.0772140e-02
   5.0147485e-01  -7.5610516e-01  -1.5183295e-02
   5.0163488e-01  -7.5570949e-01  -1.4946863e-02
   5.0163488e-01  -7.5570949e-01  -1.4946863e-02
   5.0167081e-01  -7.5561583e-01  -1.4894280e-02
   5.0167081e-01  -7.5561583e-01  -1.4894280e-02
   5.0177114e-01  -7.5535448e-01  -1.4748412e-02
   5.0187146e-01  -7.5509336e-01  -1.4603940e-02
   5.0207211e-01  -7.5457183e-01  -1.4319131e-02
   5.0247341e-01  -7.5353157e-01  -1.3765701e-02
   5.0327600e-01  -7.5146217e-01  -1.2720892e-02
   5.0488118e-01  -7.4736709e-01  -1.0859118e-02
   5.0809155e-01  -7.3934602e-01  -7.9032739e-03
   5.0836436e-01  -7.3867448e-01  -7.6922137e-03
   5.0836436e-01  -7.3867448e-01  -7.6922137e-03
   5.0845129e-01  -7.3845042e-01  -7.6261485e-03
   5.0845129e-01  -7.3845042e-01  -7.6261485e-03
   5.0855161e-01  -7.3819203e-01  -7.5505977e-03
   5.0865193e-01  -7.3793388e-01  -7.4757864e-03
   5.0885258e-01  -7.3741829e-01  -7.3283542e-03
   5.0925388e-01  -7.3638989e-01  -7.0420579e-03
   5.1005647e-01  -7.3434421e-01  -6.5022392e-03
   5.1125686e-01  -7.3131181e-01  -5.7704027e-03
   5.1125686e-01  -7.3131181e-01  -5.7704027e-03
   5.1149866e-01  -7.2851310e-01  -5.6331745e-03
   5.1149866e-01  -7.2851310e-01  -5.6331745e-03
   5.1174046e-01  -7.2567186e-01  -5.4991813e-03
   5.1198226e-01  -7.2278732e-01  -5.3683482e-03
   5.1246586e-01  -7.1688540e-01  -5.1158704e-03
   5.1248696e-01  -7.1662379e-01  -5.1051269e-03
   5.1248696e-01  -7.1662379e-01  -5.1051269e-03
   5.1260367e-01  -7.1521819e-01  -5.0461084e-03
   5.1260367e-01  -7.1521819e-01  -5.0461084e-03
   5.1272037e-01  -7.1380175e-01  -4.9877667e-03
   5.1283707e-01  -7.1237438e-01  -4.9300943e-03
   5.1307047e-01  -7.0948644e-01  -4.8167270e-03
   5.1353728e-01  -7.0357506e-01  -4.5976963e-03
   5.1390755e-01  -6.9875427e-01  -4.4310184e-03
   5.1390755e-01  -6.9875427e-01  -4.4310184e-03
   5.1403287e-01  -6.9715024e-01  -4.3759733e-03
   5.1403287e-01  -6.9715024e-01  -4.3759733e-03
   5.1415820e-01  -6.9553216e-01  -4.3216073e-03
   5.1428352e-01  -6.9389989e-01  -4.2679121e-03
   5.1453417e-01  -6.9059222e-01  -4.1625017e-03
   5.1503547e-01  -6.8380038e-01  -3.9593783e-03
   5.1536667e-01  -6.7918033e-01  -3.8306115e-03
   5.1536667e-01  -6.7918033e-01  -3.8306115e-03
   5.1550085e-01  -6.7738518e-01  -3.7796365e-03
   5.1550085e-01  -6.7738518e-01  -3.7796365e-03
   5.1563503e-01  -6.7557188e-01  -3.7293357e-03
   5.1576921e-01  -6.7374022e-01  -3.6797005e-03
   5.1603757e-01  -6.7002098e-01  -3.5823919e-03
   5.1657430e-01  -6.6235287e-01  -3.3953852e-03
   5.1687019e-01  -6.5799060e-01  -3.2964766e-03
   5.1687019e-01  -6.5799060e-01  -3.2964766e-03
   5.1701349e-01  -6.5591357e-01  -3.2496078e-03
   5.1701349e-01  -6.5591357e-01  -3.2496078e-03
   5.1715680e-01  -6.5381285e-01  -3.2034021e-03
   5.1730011e-01  -6.5168812e-01  -3.1578500e-03
   5.1758672e-01  -6.4736547e-01  -3.0686705e-03
   5.1815995e-01  -6.3841889e-01  -2.8977614e-03
   5.1842600e-01  -6.3412564e-01  -2.8216896e-03
   5.1842600e-01  -6.3412564e-01  -2.8216896e-03
   5.1857875e-01  -6.3169967e-01  -2.7789159e-03
   5.1857875e-01  -6.3169967e-01  -2.7789159e-03
   5.1873150e-01  -6.2924262e-01  -2.7367878e-03
   5.1888425e-01  -6.2675409e-01  -2.6952956e-03
   5.1918976e-01  -6.2168086e-01  -2.6141811e-03
   5.1980076e-01  -6.1113783e-01  -2.4591737e-03
   5.2004587e-01  -6.0675487e-01  -2.3995946e-03
   5.2004587e-01  -6.0675487e-01  -2.3995946e-03
   5.2020845e-01  -6.0379784e-01  -2.3608714e-03
   5.2020845e-01  -6.0379784e-01  -2.3608714e-03
   5.2037104e-01  -6.0080047e-01  -2.3227707e-03
   5.2053362e-01  -5.9776224e-01  -2.2852827e-03
   5.2085878e-01  -5.9156122e-01  -2.2121057e-03
   5.2150912e-01  -5.7864685e-01  -2.0726834e-03
   5.2174836e-01  -5.7371926e-01  -2.0236275e-03
   5.2174836e-01  -5.7371926e-01  -2.0236275e-03
   5.2192127e-01  -5.7009715e-01  -1.9888933e-03
   5.2192127e-01  -5.7009715e-01  -1.9888933e-03
   5.2209419e-01  -5.6642360e-01  -1.9547534e-03
   5.2226711e-01  -5.6269810e-01  -1.9211977e-03
   5.2261294e-01  -5.5508918e-01  -1.8557995e-03
   5.2330460e-01  -5.3922675e-01  -1.7315876e-03
   5.2356379e-01  -5.3305714e-01  -1.6872090e-03
   5.2356379e-01  -5.3305714e-01  -1.6872090e-03
   5.2374772e-01  -5.2860306e-01  -1.6564044e-03
   5.2374772e-01  -5.2860306e-01  -1.6564044e-03
   5.2393166e-01  -5.2408578e-01  -1.6261607e-03
   5.2411559e-01  -5.1950502e-01  -1.5964679e-03
   5.2448347e-01  -5.1015214e-01  -1.5386950e-03
   5.2521921e-01  -4.9067813e-01  -1.4293314e-03
   5.2554304e-01  -4.8178295e-01  -1.3836884e-03
   5.2554304e-01  -4.8178295e-01  -1.3836884e-03
   5.2573899e-01  -4.7630499e-01  -1.3567787e-03
   5.2573899e-01  -4.7630499e-01  -1.3567787e-03
   5.2593494e-01  -4.7075566e-01  -1.3303913e-03
   5.2613088e-01  -4.6513556e-01  -1.3045160e-03
   5.2652278e-01  -4.5368617e-01  -1.2542625e-03
   5.2730658e-01  -4.2998008e-01  -1.1594780e-03
   5.2778164e-01  -4.1511887e-01  -1.1055454e-03
   5.2778164e-01  -4.1511887e-01  -1.1055454e-03
   5.2799117e-01  -4.0845401e-01  -1.0825597e-03
   5.2799117e-01  -4.0845401e-01  -1.0825597e-03
   5.2820071e-01  -4.0172565e-01  -1.0600511e-03
   5.2841025e-01  -3.9493676e-01  -1.0380098e-03
   5.2882932e-01  -3.8119036e-01  -9.9529040e-04
   5.2966747e-01  -3.5312770e-01  -9.1504601e-04
   5.3049472e-01  -3.2491259e-01  -8.4218288e-04
   5.3049472e-01  -3.2491259e-01  -8.4218288e-04
   5.3072073e-01  -3.1713113e-01  -8.2330452e-04
   5.3072073e-01  -3.1713113e-01  -8.2330452e-04
   5.3094673e-01  -3.0934727e-01  -8.0484880e-04
   5.3117274e-01  -3.0156816e-01  -7.8680629e-04
   5.3162475e-01  -2.8605370e-01  -7.5192415e-04
   5.3252877e-01  -2.5541163e-01  -6.8672572e-04
   5.3433681e-01  -1.9735832e-01  -5.7278355e-04
   5.3437325e-01  -1.9625132e-01  -5.7069257e-04
   5.3437325e-01  -1.9625132e-01  -5.7069257e-04
   5.3462278e-01  -1.8875184e-01  -5.5657907e-04
   5.3462278e-01  -1.8875184e-01  -5.5657907e-04
   5.3487230e-01  -1.8139912e-01  -5.4281451e-04
   5.3512183e-01  -1.7419930e-01  -5.2939008e-04
   5.3562087e-01  -1.6028297e-01  -5.0352823e-04
   5.3661897e-01  -1.3451967e-01  -4.5553033e-04
   5.3861517e-01  -9.1809964e-02  -3.7281648e-04
   5.4260757e-01  -3.8891457e-02  -2.4970229e-04
   5.5059236e-01  -6.5226960e-03  -1.1202348e-04
   5.6401213e-01  -1.1108549e-02  -2.9443913e-05
   5.7110341e-01  -2.1039137e-03  -1.4444861e-05
   5.7819470e-01  -3.9966122e-04  -7.0864050e-06
   5.7872876e-01  -1.1564823e-18  -6.7012705e-06
   5.7872876e-01   5.7824116e-18  -6.7012705e-06
   5.7937218e-01   5.7824116e-18  -6.2614889e-06
   5.7937218e-01   5.7824116e-18  -6.2614889e-06
   5.8001559e-01   5.7824116e-18  -5.8696263e-06
   5.8065901e-01   5.7824116e-18  -5.5022875e-06
   5.8194584e-01   5.7824116e-18  -4.8351380e-06
   5.8451951e-01   5.7824116e-18  -3.7337048e-06
   5.8966684e-01   5.7824116e-18  -2.2264184e-06
   5.9996150e-01   5.7824116e-18  -7.9289184e-07
   6.0006791e-01   5.7824116e-18  -7.8443203e-07
   6.0006791e-01   5.7824116e-18  -7.8443203e-07
   6.0883985e-01   5.7824116e-18  -1.1448098e-14
   6.0883985e-01   5.7824116e-18   1.5884184e-14
   6.1761179e-01   5.7824116e-18   2.1293066e-02
   6.2638373e-01   5.7824116e-18   2.9133817e-02
   6.4392761e-01   5.7824116e-18   3.3032109e-02
   6.7901537e-01   5.7824116e-18   3.3129709e-02
   7.4919089e-01   5.7824116e-18   3.1553792e-02
   8.4460886e-01   5.7824116e-18   2.8577181e-02
   8.4460886e-01   5.7824116e-18   2.8577181e-02
   8.5325116e-01   5.7824116e-18   2.8894729e-02
   8.5325116e-01   5.7824116e-18   2.8894729e-02
   8.6189345e-01   5.7824116e-18   2.0678191e-02
   8.7053574e-01   5.7824116e-18   1.4888331e-02
   8.7546455e-01   5.7824116e-18   1.2367543e-02
   8.7546455e-01   5.7824116e-18   1.2367543e-02
   8.8517499e-01   5.7824116e-18   8.6071289e-03
   8.8517499e-01   5.7824116e-18   8.6071289e-03
   8.8631302e-01   5.7824116e-18   8.7690820e-03
   8.8631302e-01   5.7824116e-18   8.7690820e-03
   8.8745106e-01   5.7824116e-18   8.9298764e-03
   8.8858910e-01   5.7824116e-18   9.0895167e-03
   8.9086517e-01   5.7824116e-18   9.4053532e-03
   8.9541732e-01   5.7824116e-18   1.0023379e-02
   8.9885243e-01   5.7824116e-18   1.0477852e-02
   8.9885243e-01   5.3308978e-14   1.0477852e-02
   9.0741126e-01   8.2506362e-14   1.1566607e-02
   9.0741126e-01  -4.8868429e-16   1.1566607e-02
   9.0741126e-01   5.6637130e-14   1.1566607e-02
   9.1316764e-01   2.5934478e-02   1.2264675e-02
   9.1316764e-01   2.5934478e-02   1.2264675e-02
   9.1892403e-01   3.2015807e-02   1.2935988e-02
   9.1923364e-01   3.2170086e-02   1.2971349e-02
   9.1923364e-01   3.2170086e-02   1.2971349e-02
   9.2499002e-01   3.3724665e-02   1.3615169e-02
   9.2572738e-01   3.3814276e-02   1.3695788e-02
   9.2572738e-01   3.3814276e-02   1.3695788e-02
   9.3148376e-01   3.4152500e-02   1.4310979e-02
   9.3171866e-01   3.4157756e-02   1.4335554e-02
   9.3171866e-01   3.4157756e-02   1.4335554e-02
   9.3747505e-01   3.4189510e-02   1.4925073e-02
   9.4052313e-01   3.4162489e-02   1.5227472e-02
   9.4052313e-01   3.4162489e-02   1.5227472e-02
   9.4627951e-01   3.4077133e-02   1.5780555e-02
   9.4872334e-01   3.4033893e-02   1.6008372e-02
   9.4872334e-01   3.4033893e-02   1.6008372e-02
   9.5308406e-01   3.3951665e-02   1.6404745e-02
   9.5308406e-01   3.3951665e-02   1.6404745e-02
   9.5744478e-01   3.3945846e-02   1.6788365e-02
   9.6123570e-01   3.3908554e-02   1.7111715e-02
   9.6123570e-01   3.3908554e-02   1.7111715e-02
   9.6559642e-01   3.3752109e-02   1.7472248e-02
   9.6841255e-01   3.3667754e-02   1.7698710e-02
   9.6841255e-01   3.3667754e-02   1.7698710e-02
   9.7277327e-01   3.3552339e-02   1.8039720e-02
   9.7713399e-01   3.3448129e-02   1.8369229e-02
   9.7876316e-01   3.3411022e-02   1.8489438e-02
   9.7876316e-01   3.3411022e-02   1.8489438e-02
   9.8097449e-01   3.3361783e-02   1.8650119e-02
   9.8097449e-01   3.3361783e-02   1.8650119e-02
   9.8318581e-01   3.3313564e-02   1.8807973e-02
   9.8539713e-01   3.3266134e-02   1.8963034e-02
   9.8981978e-01   3.3172988e-02   1.9264915e-02
   9.9126460e-01   3.3142931e-02   1.9361191e-02
   9.9126460e-01   3.3142931e-02   1.9361191e-02
   9.9685805e-01   3.3027744e-02   1.9723253e-02
   9.9685805e-01   3.3027744e-02   1.9723253e-02
   1.0024515e+00   3.2913845e-02   2.0068783e-02
   1.0080450e+00   3.2800784e-02   2.0398309e-02
   1.0094020e+00   3.2773454e-02   2.0475903e-02
   1.0094020e+00   3.2773454e-02   2.0475903e-02
   1.0094212e+00   3.2773067e-02   2.0476996e-02
   1.0094212e+00   3.2773067e-02   2.0476996e-02
   1.0094405e+00   3.2772680e-02   2.0478089e-02
   1.0094597e+00   3.2772293e-02   2.0479181e-02
   1.0094981e+00   3.2771519e-02   2.0481366e-02
   1.0095751e+00   3.2769971e-02   2.0485733e-02
   1.0097289e+00   3.2766875e-02   2.0494458e-02
   1.0100365e+00   3.2760684e-02   2.0511873e-02
   1.0106518e+00   3.2748308e-02   2.0546565e-02
   1.0118824e+00   3.2723574e-02   2.0615397e-02
   1.0143436e+00   3.2674175e-02   2.0750867e-02
   1.0192659e+00   3.2575631e-02   2.1013187e-02
   1.0218919e+00   3.2523189e-02   2.1148522e-02
   1.0218919e+00   3.2523189e-02   2.1148522e-02
   1.0258833e+00   3.2443629e-02   2.1348229e-02
   1.0258833e+00   3.2443629e-02   2.1348229e-02
   1.0298746e+00   3.2364233e-02   2.1540855e-02
   1.0338660e+00   3.2285001e-02   2.1726570e-02
   1.0384480e+00   3.2194245e-02   2.1931463e-02
   1.0384480e+00   3.2194245e-02   2.1931463e-02
   1.0406281e+00   3.2151134e-02   2.2025906e-02
   1.0406281e+00   3.2151134e-02   2.2025906e-02
   1.0428082e+00   3.2108067e-02   2.2118421e-02
   1.0449883e+00   3.2065046e-02   2.2209034e-02
   1.0493485e+00   3.1979137e-02   2.2384660e-02
   1.0531065e+00   3.1905238e-02   2.2530164e-02
   1.0531065e+00   3.1905238e-02   2.2530164e-02
   1.0555139e+00   3.1857966e-02   2.2620585e-02
   1.0555139e+00   3.1857966e-02   2.2620585e-02
   1.0579213e+00   3.1810747e-02   2.2708866e-02
   1.0603286e+00   3.1763581e-02   2.2795041e-02
   1.0651434e+00   3.1669408e-02   2.2961203e-02
   1.0680804e+00   3.1612067e-02   2.3058598e-02
   1.0680804e+00   3.1612067e-02   2.3058598e-02
   1.0724658e+00   3.1526596e-02   2.3198574e-02
   1.0724658e+00   3.1526596e-02   2.3198574e-02
   1.0768511e+00   3.1441296e-02   2.3332190e-02
   1.0812365e+00   3.1356172e-02   2.3459627e-02
   1.0849330e+00   3.1284554e-02   2.3562376e-02
   1.0849330e+00   3.1284554e-02   2.3562376e-02
   1.0857775e+00   3.1268211e-02   2.3585260e-02
   1.0857775e+00   3.1268211e-02   2.3585260e-02
   1.0866219e+00   3.1251875e-02   2.3607928e-02
   1.0874663e+00   3.1235544e-02   2.3630381e-02
   1.0891552e+00   3.1202903e-02   2.3674649e-02
   1.0925329e+00   3.1137698e-02   2.3760658e-02
   1.0983461e+00   3.1025719e-02   2.3900986e-02
   1.0983461e+00   3.1025719e-02   2.3900986e-02
   1.1049426e+00   3.0899020e-02   2.4048841e-02
   1.1049426e+00   3.0899020e-02   2.4048841e-02
   1.1115391e+00   3.0772713e-02   2.4185101e-02
   1.1167034e+00   3.0674102e-02   2.4284012e-02
   1.1167034e+00   3.0674102e-02   2.4284012e-02
   1.1173989e+00   3.0660840e-02   2.4296826e-02
   1.1173989e+00   3.0660840e-02   2.4296826e-02
   1.1180944e+00   3.0647583e-02   2.4309522e-02
   1.1187899e+00   3.0634329e-02   2.4322100e-02
   1.1201809e+00   3.0607835e-02   2.4346905e-02
   1.1229629e+00   3.0554900e-02   2.4395125e-02
   1.1285269e+00   3.0449237e-02   2.4486125e-02
   1.1292745e+00   3.0435061e-02   2.4497812e-02
   1.1292745e+00   3.0435061e-02   2.4497812e-02
   1.1306715e+00   3.0397123e-02   2.4519310e-02
   1.1306715e+00   3.0397123e-02   2.4519310e-02
   1.1320684e+00   3.0360064e-02   2.4540373e-02
   1.1334654e+00   3.0323816e-02   2.4561003e-02
   1.1362593e+00   3.0253514e-02   2.4600984e-02
   1.1402309e+00   3.0157909e-02   2.4654936e-02
   1.1402309e+00   3.0157909e-02   2.4654936e-02
   1.1432240e+00   3.0088671e-02   2.4693409e-02
   1.1432240e+00   3.0088671e-02   2.4693409e-02
   1.1462171e+00   2.5500687e-02   2.4730046e-02
   1.1492102e+00   2.1634010e-02   2.4764885e-02
   1.1526214e+00   1.7954909e-02   2.4802446e-02
   1.1526214e+00   1.7954909e-02   2.4802446e-02
   1.1534202e+00   1.7194616e-02   2.4810916e-02
   1.1534202e+00   1.7194616e-02   2.4810916e-02
   1.1542190e+00   1.6467261e-02   2.4819265e-02
   1.1550178e+00   1.5771344e-02   2.4827493e-02
   1.1566153e+00   1.4468221e-02   2.4843587e-02
   1.1598105e+00   1.2181296e-02   2.4874353e-02
   1.1658409e+00   8.8147511e-03   2.4927374e-02
   1.1658409e+00   8.8147511e-03   2.4927374e-02
   1.1722312e+00   1.0083974e-02   2.4976621e-02
   1.1786215e+00   1.1283951e-02   2.5019038e-02
   1.1802550e+00   1.1579949e-02   2.5028821e-02
   1.1802550e+00   1.1579949e-02   2.5028821e-02
   1.1928308e+00   1.3719238e-02   2.5090383e-02
   1.1928308e+00   1.3719238e-02   2.5090383e-02
   1.2054066e+00   1.5649725e-02   2.5129086e-02
   1.2179825e+00   1.7366592e-02   2.5146903e-02
   1.2431342e+00   2.0233610e-02   2.5126988e-02
   1.2617861e+00   2.1936127e-02   2.5070506e-02
   1.2617861e+00   2.1936127e-02   2.5070506e-02
   1.2739983e+00   2.2881626e-02   2.5016773e-02
   1.2739983e+00   2.2881626e-02   2.5016773e-02
   1.2862105e+00   2.3693125e-02   2.4951130e-02
   1.2984227e+00   2.4397120e-02   2.4874625e-02
   1.3228471e+00   2.5521966e-02   2.4692790e-02
   1.3474693e+00   2.6332212e-02   2.4476206e-02
   1.3474693e+00   2.6332212e-02   2.4476206e-02
   1.3600814e+00   2.6641240e-02   2.4354264e-02
   1.3600814e+00   2.6641240e-02   2.4354264e-02
   1.3726936e+00   2.6887882e-02   2.4225799e-02
   1.3853057e+00   2.7078556e-02   2.4091449e-02
   1.4105300e+00   2.7314575e-02   2.3807379e-02
   1.4166021e+00   2.7345966e-02   2.3736295e-02
   1.4166021e+00   2.7345966e-02   2.3736295e-02
   1.4286640e+00   2.7382613e-02   2.3592352e-02
   1.4286640e+00   2.7382613e-02   2.3592352e-02
   1.4407260e+00   2.7409489e-02   2.3445078e-02
   1.4527879e+00   2.7406066e-02   2.3294821e-02
   1.4533156e+00   2.7405274e-02   2.3288185e-02
   1.4533156e+00   2.7405274e-02   2.3288185e-02
   1.4653619e+00   2.7373570e-02   2.3135356e-02
   1.4653619e+00   2.7373570e-02   2.3135356e-02
   1.4774083e+00   2.7317636e-02   2.2980180e-02
   1.4894546e+00   2.7240010e-02   2.2822926e-02
   1.5135473e+00   2.7028707e-02   2.2503160e-02
   1.5362536e+00   2.6772875e-02   2.2196673e-02
   1.5362536e+00   2.6772875e-02   2.2196673e-02
   1.5489520e+00   2.6610149e-02   2.2023593e-02
   1.5489520e+00   2.6610149e-02   2.2023593e-02
   1.5616503e+00   2.6435490e-02   2.1849561e-02
   1.5743487e+00   2.6250426e-02   2.1674755e-02
   1.5997454e+00   2.5854424e-02   2.1323471e-02
   1.6441434e+00   2.5102145e-02   2.0706876e-02
   1.6441434e+00   2.5102145e-02   2.0706876e-02
   1.6562011e+00   2.4888752e-02   2.0539406e-02
   1.6562011e+00   2.4888752e-02   2.0539406e-02
   1.6682589e+00   2.4690941e-02   2.0372093e-02
   1.6803166e+00   2.4488508e-02   2.0205012e-02
   1.7044320e+00   2.4072554e-02   1.9871816e-02
   1.7526629e+00   2.3212238e-02   1.9210896e-02
   1.7588416e+00   2.3100475e-02   1.9126879e-02
   1.7588416e+00   2.3100475e-02   1.9126879e-02
   1.7716681e+00   2.2867938e-02   1.8953006e-02
   1.7716681e+00   2.2867938e-02   1.8953006e-02
   1.7844945e+00   2.2634969e-02   1.8779892e-02
   1.7973210e+00   2.2401943e-02   1.8607580e-02
   1.8229739e+00   2.1936920e-02   1.8265507e-02
   1.8629215e+00   2.1219420e-02   1.7740091e-02
   1.8629215e+00   2.1219420e-02   1.7740091e-02
   1.8750986e+00   2.1003069e-02   1.7581792e-02
   1.8750986e+00   2.1003069e-02   1.7581792e-02
   1.8872758e+00   2.0788052e-02   1.7424395e-02
   1.8994529e+00   2.0574475e-02   1.7267918e-02
   1.9117618e+00   2.0360141e-02   1.7110694e-02
   1.9117618e+00   2.0360141e-02   1.7110694e-02
   1.9239723e+00   2.0149150e-02   1.6955684e-02
   1.9239723e+00   2.0149150e-02   1.6955684e-02
   1.9361828e+00   1.9952647e-02   1.6801638e-02
   1.9483933e+00   1.9756023e-02   1.6648565e-02
   1.9728142e+00   1.9363401e-02   1.6345378e-02
   2.0216561e+00   1.8586133e-02   1.5751041e-02
   2.0322900e+00   1.8419059e-02   1.5623797e-02
   2.0322900e+00   1.8419059e-02   1.5623797e-02
   2.0452780e+00   1.8216285e-02   1.5469436e-02
   2.0452780e+00   1.8216285e-02   1.5469436e-02
   2.0582660e+00   1.8015038e-02   1.5316236e-02
   2.0712539e+00   1.7815408e-02   1.5164200e-02
   2.0972299e+00   1.7421317e-02   1.4863626e-02
   2.1299402e+00   1.6935487e-02   1.4491772e-02
   2.1299402e+00   1.6935487e-02   1.4491772e-02
   2.1423085e+00   1.6754949e-02   1.4353096e-02
   2.1423085e+00   1.6754949e-02   1.4353096e-02
   2.1546769e+00   1.6576189e-02   1.4215477e-02
   2.1670453e+00   1.6399225e-02   1.4078915e-02
   2.1917820e+00   1.6050734e-02   1.3808952e-02
   2.2412556e+00   1.5375644e-02   1.3281610e-02
   2.2566003e+00   1.5172150e-02   1.3121437e-02
   2.2566003e+00   1.5172150e-02   1.3121437e-02
   2.2690607e+00   1.5008959e-02   1.2992543e-02
   2.2690607e+00   1.5008959e-02   1.2992543e-02
   2.2815212e+00   1.4855421e-02   1.2864694e-02
   2.2939816e+00   1.4702454e-02   1.2737889e-02
   2.3189025e+00   1.4398765e-02   1.2487389e-02
   2.3687443e+00   1.3803185e-02   1.1998713e-02
   2.3871836e+00   1.3587551e-02   1.1822042e-02
   2.3871836e+00   1.3587551e-02   1.1822042e-02
   2.4003667e+00   1.3435107e-02   1.1697082e-02
   2.4003667e+00   1.3435107e-02   1.1697082e-02
   2.4135498e+00   1.3284161e-02   1.1573239e-02
   2.4267328e+00   1.3134729e-02   1.1450508e-02
   2.4530990e+00   1.2840508e-02   1.1208358e-02
   2.4766869e+00   1.2582623e-02   1.0995431e-02
   2.4766869e+00   1.2582623e-02   1.0995431e-02
   2.4893014e+00   1.2446799e-02   1.0882985e-02
   2.4893014e+00   1.2446799e-02   1.0882985e-02
   2.5019159e+00   1.2312437e-02   1.0771523e-02
   2.5145304e+00   1.2179535e-02   1.0661041e-02
   2.5397594e+00   1.1918101e-02   1.0442991e-02
   2.5902175e+00   1.1412530e-02   1.0018387e-02
   2.6911335e+00   1.0468214e-02   9.2138297e-03
   2.7481818e+00   9.9667844e-03   8.7844559e-03
   2.7481818e+00   9.9667844e-03   8.7844559e-03
   2.7609734e+00   9.8592332e-03   8.6906147e-03
   2.7609734e+00   9.8592332e-03   8.6906147e-03
   2.7737651e+00   9.7570848e-03   8.5976516e-03
   2.7865567e+00   9.6554109e-03   8.5055635e-03
   2.8121400e+00   9.4538312e-03   8.3239874e-03
   2.8633065e+00   9.0594947e-03   7.9710611e-03
   2.8915756e+00   8.8474100e-03   7.7818035e-03
   2.8915756e+00   8.8474100e-03   7.7818035e-03
   2.9050026e+00   8.7482474e-03   7.6933151e-03
   2.9050026e+00   8.7482474e-03   7.6933151e-03
   2.9184295e+00   8.6415838e-03   7.6057205e-03
   2.9318565e+00   8.5374021e-03   7.5190127e-03
   2.9587104e+00   8.3357055e-03   7.3482297e-03
   2.9717059e+00   8.2409742e-03   7.2668289e-03
   2.9717059e+00   8.2409742e-03   7.2668289e-03
   2.9846273e+00   8.1484784e-03   7.1866905e-03
   2.9846273e+00   8.1484784e-03   7.1866905e-03
   2.9975486e+00   8.0654832e-03   7.1073414e-03
   3.0104700e+00   7.9826879e-03   7.0287755e-03
   3.0363127e+00   7.8180935e-03   6.8739684e-03
   3.0879982e+00   7.4948952e-03   6.5734824e-03
   3.1913691e+00   6.8810368e-03   6.0076737e-03
   3.3981109e+00   5.8015322e-03   5.0062668e-03
   3.5966440e+00   4.3997747e-03   4.1914558e-03
   3.5966440e+00   4.3997747e-03   4.1914558e-03
   3.6128238e+00   4.5463788e-03   4.1306553e-03
   3.6128238e+00   4.5463788e-03   4.1306553e-03
   3.6290036e+00   4.5450207e-03   4.0706682e-03
   3.6451834e+00   4.5323034e-03   4.0114889e-03
   3.6775431e+00   4.4817183e-03   3.8955162e-03
   3.7422623e+00   4.3215955e-03   3.6728539e-03
   3.7617626e+00   4.2657431e-03   3.6081225e-03
   3.7617626e+00   4.2657431e-03   3.6081225e-03
   3.7755515e+00   4.2248280e-03   3.5629935e-03
   3.7755515e+00   4.2248280e-03   3.5629935e-03
   3.7893403e+00   4.1829878e-03   3.5183910e-03
   3.8031291e+00   4.1406822e-03   3.4743097e-03
   3.8307068e+00   4.0553156e-03   3.3876893e-03
   3.8314108e+00   4.0531302e-03   3.3855047e-03
   3.8314108e+00   4.0531302e-03   3.3855047e-03
   3.8447997e+00   4.0115645e-03   3.3442069e-03
   3.8447997e+00   4.0115645e-03   3.3442069e-03
   3.8581886e+00   3.9700434e-03   3.3033803e-03
   3.8715776e+00   3.9286389e-03   3.2630203e-03
   3.8983555e+00   3.8463988e-03   3.1836812e-03
   3.9519112e+00   3.6852323e-03   3.0303966e-03
   4.0590227e+00   3.3800899e-03   2.7443944e-03
   4.2732457e+00   2.8450609e-03   2.2470735e-03
   4.7016916e+00   2.4399545e-03   1.4976342e-03
   4.8612816e+00   1.8728017e-03   1.2854717e-03
   5.0208715e+00   1.5856129e-03   1.1025028e-03
   5.4281205e+00   2.9717250e-03   7.4285261e-04
   5.5558311e+00   1.3392781e-03   6.5586048e-04
   5.6835418e+00   9.7799249e-04   5.7888059e-04
   6.0064782e+00   1.7936767e-03   4.2167153e-04
   6.1694425e+00   9.6657089e-04   3.5916896e-04
   6.3324067e+00   6.5986928e-04   3.0583955e-04
   6.6353996e+00   1.9841296e-03   2.2668289e-04
   6.7945866e+00   8.4693516e-04   1.9362203e-04
   6.9537735e+00   4.7767548e-04   1.6535564e-04
   7.2361607e+00   1.6233587e-03   1.2493763e-04
   7.4096443e+00   8.8583072e-04   1.0515596e-04
   7.5831280e+00   5.1573616e-04   8.8496447e-05
   7.8412431e+00   1.9687703e-03   6.8454224e-05
   8.0161410e+00   1.0888331e-03   5.7516035e-05
   8.1910390e+00   6.1175414e-04   4.8322532e-05
   8.4287363e+00   1.8198705e-03   3.8134143e-05
   8.6134994e+00   1.3670963e-03   3.1721588e-05
   8.7982625e+00   1.0126523e-03   2.6386287e-05
   9.0181982e+00   2.1786115e-03   2.1191315e-05
   9.2437258e+00   6.9188695e-03   1.6923846e-05
   9.3904879e+00   1.6642959e-03   1.4619745e-05
   9.5372500e+00   4.2015036e-04   1.2629185e-05
   9.7557425e+00   8.0590515e-04   1.0156296e-05
   1.0029556e+01   8.1792802e-03   7.7289780e-06
   1.0149004e+01   1.4006467e-03   6.8608079e-06
   1.0268452e+01   2.6066000e-04   6.0901336e-06
   1.0501125e+01   7.4069421e-04   4.8286053e-06
   1.0717219e+01   1.4530879e-03   3.8922003e-06
   1.0933314e+01   3.1374838e-03   3.1373690e-06
   1.1138302e+01   5.6095561e-03   2.5570902e-06
   1.1311115e+01   3.2976647e-03   2.1521194e-06
   1.1470247e+01   1.1025658e-03   1.8361741e-06
   1.1654850e+01   8.1559209e-04   1.5272962e-06
   1.1881310e+01   2.2504269e-03   1.2184134e-06
   1.2060642e+01   1.4610381e-03   1.0187940e-06
   1.2239974e+01   9.1924688e-04   8.5187824e-07
   1.2454338e+01   1.7750892e-03   6.8784111e-07
   1.2681610e+01   5.8960457e-03   5.4828318e-07
   1.2831463e+01   1.5197427e-03   4.7213821e-07
   1.2981316e+01   3.8597016e-04   4.0656801e-07
   1.3201397e+01   8.3412254e-04   3.2641097e-07
   1.3417254e+01   1.6767035e-03   2.6316413e-07
   1.3633111e+01   3.7436816e-03   2.1217217e-07
   1.3830796e+01   5.3980802e-03   1.7419045e-07
   1.3998042e+01   2.5222002e-03   1.4741806e-07
   1.4160406e+01   9.2302997e-04   1.2536962e-07
   1.4355029e+01   9.4493009e-04   1.0324164e-07
   1.4587086e+01   3.1851338e-03   8.1902303e-08
   1.4753190e+01   1.3381496e-03   6.9393235e-08
   1.4919293e+01   5.4166624e-04   5.8794693e-08
   1.5140956e+01   1.2566456e-03   4.7128455e-08
   1.5341456e+01   1.6032888e-03   3.8583257e-08
   1.5541957e+01   2.1060276e-03   3.1587448e-08
   1.5746090e+01   3.2917106e-03   2.5766527e-08
   1.5936732e+01   3.4595575e-03   2.1303122e-08
   1.6111877e+01   2.0321216e-03   1.7887353e-08
   1.6289724e+01   1.2421979e-03   1.4978846e-08
   1.6489449e+01   1.5423319e-03   1.2272403e-08
   1.6705735e+01   3.4366361e-03   9.8901929e-09
   1.6907174e+01   5.5777270e-03   8.0893469e-09
   1.7076849e+01   2.8896066e-03   6.8294658e-09
   1.7237098e+01   9.9315692e-04   5.8202861e-09
   1.7426595e+01   8.6175201e-04   4.8175705e-09
   1.7656359e+01   2.6740822e-03   3.8305635e-09
   1.7828773e+01   1.3816372e-03   3.2251407e-09
   1.8001188e+01   6.8731787e-04   2.7154053e-09
   1.8219712e+01   1.4774147e-03   2.1834325e-09
   1.8460317e+01   7.2062378e-03   1.7174187e-09
   1.8599200e+01   1.4266670e-03   1.4951790e-09
   1.8738082e+01   2.8606778e-04   1.3016979e-09
   1.8963726e+01   7.2300250e-04   1.0392729e-09
   1.9182429e+01   1.5713421e-03   8.3552080e-10
   1.9401132e+01   3.8137866e-03   6.7171479e-10
   1.9600939e+01   6.0400002e-03   5.5030130e-10
   1.9766580e+01   2.7088160e-03   4.6646799e-10
   1.9925043e+01   8.7785155e-04   3.9824822e-10
   2.0117680e+01   8.3989781e-04   3.2860686e-10
   2.0352661e+01   3.0404015e-03   2.5992654e-10
   2.0519004e+01   1.2834722e-03   2.2017471e-10
   2.0685348e+01   5.2277101e-04   1.8650232e-10
   2.0908855e+01   1.2798764e-03   1.4922102e-10
   2.1107973e+01   1.5624639e-03   1.2233328e-10
   2.1307090e+01   1.9512266e-03   1.0029036e-10
   2.1512777e+01   3.1721795e-03   8.1682165e-11
   2.1706407e+01   3.7062093e-03   6.7331720e-11
   2.1882179e+01   2.2529025e-03   5.6500347e-11
   2.2056985e+01   1.2483975e-03   4.7457038e-11
   2.2253037e+01   1.3710079e-03   3.9025097e-11
   2.2470062e+01   3.0626853e-03   3.1426686e-11
   2.2676859e+01   5.8692153e-03   2.5567331e-11
   2.2849812e+01   3.5254694e-03   2.1514843e-11
   2.3006899e+01   1.1052662e-03   1.8393573e-11
   2.3189156e+01   7.5698771e-04   1.5335114e-11
   2.3415632e+01   2.0925127e-03   1.2233382e-11
   2.3597141e+01   1.4588453e-03   1.0206843e-11
   2.3778651e+01   9.8876665e-04   8.5160136e-12
   2.3992276e+01   1.8892086e-03   6.8812021e-12
   2.4215824e+01   5.6565145e-03   5.5054422e-12
   2.4405492e+01   6.9533987e-03   4.5561861e-12
   2.4557857e+01   1.9573153e-03   3.9135978e-12
   2.4715323e+01   6.1099815e-04   3.3445681e-12
   2.4922065e+01   9.0351920e-04   2.7211382e-12
   2.5171901e+01   5.1333744e-03   2.1207385e-12
   2.5316318e+01   1.1418059e-03   1.8361378e-12
   2.5460736e+01   2.5464551e-04   1.5897302e-12
   2.5695434e+01   8.2783545e-04   1.2578245e-12
   2.5905355e+01   1.3825735e-03   1.0201243e-12
   2.6115276e+01   2.4466686e-03   8.2734399e-13
   2.6323650e+01   4.6257255e-03   6.7203126e-13
   2.6506181e+01   3.8632024e-03   5.6013362e-13
   2.6669642e+01   1.5039185e-03   4.7583646e-13
   2.6846423e+01   8.6929107e-04   3.9888875e-13
   2.7059897e+01   1.6311070e-03   3.2236303e-13
   2.7289873e+01   5.8053030e-03   2.5626413e-13
   2.7439079e+01   1.4666699e-03   2.2081607e-13
   2.7588286e+01   3.6487044e-04   1.9027140e-13
   2.7810030e+01   8.3072483e-04   1.5250473e-13
   2.8025234e+01   1.6396555e-03   1.2303455e-13
   2.8240438e+01   3.5698500e-03   9.9259215e-14
   2.8439288e+01   5.3046742e-03   8.1395751e-14
   2.8608173e+01   2.6351266e-03   6.8772900e-14
   2.8770667e+01   9.6983911e-04   5.8479312e-14
   2.8963382e+01   9.3542728e-04   4.8249312e-14
   2.9193437e+01   2.9651436e-03   3.8353022e-14
   2.9362514e+01   1.3740024e-03   3.2399027e-14
   2.9531591e+01   6.1230013e-04   2.7369340e-14
   2.9751228e+01   1.3495098e-03   2.1983017e-14
   2.9997554e+01   7.6635327e-03   1.7192718e-14
   3.0132264e+01   1.4143262e-03   1.5030367e-14
   3.0266973e+01   2.6637343e-04   1.3139979e-14
   3.0494075e+01   7.0088263e-04   1.0475688e-14
   3.0713303e+01   1.5444066e-03   8.4174889e-15
   3.0932532e+01   3.8012680e-03   6.7636720e-15
   3.1132992e+01   6.1736899e-03   5.5375221e-15
   3.1298539e+01   2.7711037e-03   4.6943697e-15
   3.1456176e+01   8.7603556e-04   4.0111314e-15
   3.1648086e+01   8.1823266e-04   3.3121128e-15
   3.1883350e+01   2.9761771e-03   2.6191240e-15
   3.2050235e+01   1.2780422e-03   2.2173718e-15
   3.2217119e+01   5.2954689e-04   1.8772451e-15
   3.2440680e+01   1.2999105e-03   1.5019081e-15
   3.2639237e+01   1.5597720e-03   1.2319722e-15
   3.2837794e+01   1.9103986e-03   1.0105515e-15
   3.3043713e+01   3.1181093e-03   8.2285936e-16
   3.3238238e+01   3.7533084e-03   6.7768921e-16
   3.3414466e+01   2.3265018e-03   5.6841307e-16
   3.3588612e+01   1.2628691e-03   4.7774934e-16
   3.3783457e+01   1.3330170e-03   3.9333831e-16
   3.4000259e+01   2.9417992e-03   3.1682356e-16
   3.4208459e+01   5.8614356e-03   2.5739272e-16
   3.4382743e+01   3.7229572e-03   2.1630772e-16
   3.4539412e+01   1.1546702e-03   1.8500406e-16
   3.4719605e+01   7.3942884e-04   1.5455986e-16
   3.4944529e+01   1.9452218e-03   1.2348908e-16
   3.5129016e+01   1.4956595e-03   1.0272667e-16
   3.5313503e+01   1.1243725e-03   8.5455065e-17
   3.5525191e+01   2.0491641e-03   6.9183909e-17
   3.5742991e+01   5.1515083e-03   5.5670374e-17
   3.5930673e+01   5.5558346e-03   4.6163033e-17
   3.6087784e+01   1.7949882e-03   3.9464960e-17
   3.6252228e+01   6.9403150e-04   3.3492834e-17
   3.6460976e+01   1.1013965e-03   2.7195278e-17
   3.6703661e+01   5.2884399e-03   2.1346599e-17
   3.6850368e+01   1.2450834e-03   1.8439738e-17
   3.6997075e+01   2.9202994e-04   1.5928717e-17
   3.7227073e+01   8.3600660e-04   1.2662338e-17
   3.7438643e+01   1.4722682e-03   1.0252556e-17
   3.7650214e+01   2.7801642e-03   8.3013815e-18
   3.7855167e+01   4.8105316e-03   6.7660685e-18
   3.8033061e+01   3.3581007e-03   5.6656259e-18
   3.8196490e+01   1.2919580e-03   4.8131335e-18
   3.8378941e+01   8.9773377e-04   4.0120333e-18
   3.8597956e+01   2.0117936e-03   3.2244589e-18
   3.8824839e+01   6.8931956e-03   2.5712225e-18
   3.8970415e+01   1.5872177e-03   2.2235967e-18
   3.9115991e+01   3.6254138e-04   1.9229694e-18
   3.9335067e+01   7.6272118e-04   1.5453912e-18
   3.9554492e+01   1.7029835e-03   1.2415182e-18
   3.9773917e+01   4.3125373e-03   9.9739619e-19
   3.9969725e+01   6.0964117e-03   8.2038243e-19
   4.0000000e+01   3.6745687e-03   7.9597068e-19
