   0.0000000e+00  -1.2450168e-18  -1.2450168e-18
   3.1554436e-30  -1.2450168e-18  -1.2450168e-18
   2.3257563e-19  -8.0926095e-17  -1.9821018e-17
   2.3257563e-19  -8.0926095e-17  -1.9821018e-17
   2.3398732e-19  -8.0926095e-17  -1.9933771e-17
   2.3398732e-19  -8.0926095e-17  -1.9933771e-17
   1.0047546e-05  -3.5200615e-03  -8.0505403e-04
   6.0285274e-05  -2.0747886e-02  -4.9082488e-03
   2.5191198e-04  -8.1240196e-02  -2.1853941e-02
   2.5191198e-04  -8.1240196e-02  -2.1853941e-02
   2.5344104e-04  -8.1692308e-02  -2.1998087e-02
   2.5344104e-04  -8.1692308e-02  -2.1998087e-02
   3.0241353e-04  -9.5936764e-02  -2.6695819e-02
   3.0241353e-04  -9.5936764e-02  -2.6695819e-02
   3.0424912e-04  -9.6461938e-02  -2.6875010e-02
   3.0424912e-04  -9.6461938e-02  -2.6875010e-02
   5.0478929e-04  -1.5277423e-01  -4.7931783e-02
   5.0478929e-04  -1.5277423e-01  -4.7931783e-02
   5.0785326e-04  -1.5359504e-01  -4.8277984e-02
   5.0785326e-04  -1.5359504e-01  -4.8277984e-02
   6.0618938e-04  -1.7939632e-01  -5.9825848e-02
   6.0618938e-04  -1.7939632e-01  -5.9825848e-02
   6.0986883e-04  -1.8033926e-01  -6.0275045e-02
   6.0986883e-04  -1.8033926e-01  -6.0275045e-02
   7.5854823e-04  -2.1965935e-01  -7.9564438e-02
   7.5854823e-04  -2.1965935e-01  -7.9564438e-02
   7.6315246e-04  -2.2084980e-01  -8.0199524e-02
   7.6315246e-04  -2.2084980e-01  -8.0199524e-02
   9.1121283e-04  -2.5829882e-01  -1.0198952e-01
   9.1121283e-04  -2.5829882e-01  -1.0198952e-01
   9.1674371e-04  -2.5966718e-01  -1.0285843e-01
   9.1674371e-04  -2.5966718e-01  -1.0285843e-01
   1.0131589e-03  -2.8522701e-01  -1.1871324e-01
   1.0131589e-03  -2.8522701e-01  -1.1871324e-01
   1.0193086e-03  -2.8684615e-01  -1.1977218e-01
   1.0193086e-03  -2.8684615e-01  -1.1977218e-01
   1.2174691e-03  -3.3831913e-01  -1.5741445e-01
   1.2174691e-03  -3.3831913e-01  -1.5741445e-01
   1.2248589e-03  -3.4021277e-01  -1.5896433e-01
   1.2248589e-03  -3.4021277e-01  -1.5896433e-01
   1.2686345e-03  -3.5252856e-01  -1.6838851e-01
   1.2686345e-03  -3.5252856e-01  -1.6838851e-01
   1.2763348e-03  -3.5469582e-01  -1.7009059e-01
   1.2763348e-03  -3.5469582e-01  -1.7009059e-01
   1.5250302e-03  -4.2482730e-01  -2.3345315e-01
   1.5250302e-03  -4.2482730e-01  -2.3345315e-01
   1.5342868e-03  -4.2744275e-01  -2.3617524e-01
   1.5342868e-03  -4.2744275e-01  -2.3617524e-01
   1.7824453e-03  -5.0698578e-01  -3.2229328e-01
   1.7824453e-03  -5.0698578e-01  -3.2229328e-01
   1.7932643e-03  -5.1052734e-01  -3.2673197e-01
   1.7932643e-03  -5.1052734e-01  -3.2673197e-01
   1.8340614e-03  -5.2393862e-01  -3.4409408e-01
   1.8340614e-03  -5.2393862e-01  -3.4409408e-01
   1.8451938e-03  -5.2761381e-01  -3.4901092e-01
   1.8451938e-03  -5.2761381e-01  -3.4901092e-01
   2.0410354e-03  -6.0242545e-01  -4.5067914e-01
   2.0410354e-03  -6.0242545e-01  -4.5067914e-01
   2.0534241e-03  -6.0731707e-01  -4.5825484e-01
   2.0534241e-03  -6.0731707e-01  -4.5825484e-01
   2.1448502e-03  -6.4432135e-01  -5.1952318e-01
   2.1448502e-03  -6.4432135e-01  -5.1952318e-01
   2.1578690e-03  -6.4968517e-01  -5.2909829e-01
   2.1578690e-03  -6.4968517e-01  -5.2909829e-01
   2.1968477e-03  -6.6796473e-01  -5.5920777e-01
   2.1968477e-03  -6.6796473e-01  -5.5920777e-01
   2.2101821e-03  -6.7430071e-01  -5.7003543e-01
   2.2101821e-03  -6.7430071e-01  -5.7003543e-01
   2.2489110e-03  -6.9219109e-01  -6.0314667e-01
   2.2489110e-03  -6.9219109e-01  -6.0314667e-01
   2.2625614e-03  -6.9856779e-01  -6.1544612e-01
   2.2625614e-03  -6.9856779e-01  -6.1544612e-01
   2.3010390e-03  -7.1590268e-01  -6.5204879e-01
   2.3010390e-03  -7.1590268e-01  -6.5204879e-01
   2.3150059e-03  -7.2225322e-01  -6.6609087e-01
   2.3150059e-03  -7.2225322e-01  -6.6609087e-01
   2.3532303e-03  -7.3901535e-01  -7.0678686e-01
   2.3532303e-03  -7.3901535e-01  -7.0678686e-01
   2.3675140e-03  -7.4532670e-01  -7.2290964e-01
   2.3675140e-03  -7.4532670e-01  -7.2290964e-01
   2.4054829e-03  -7.6122364e-01  -7.6844658e-01
   2.4054829e-03  -7.6122364e-01  -7.6844658e-01
   2.4200837e-03  -7.6737048e-01  -7.8707695e-01
   2.4200837e-03  -7.6737048e-01  -7.8707695e-01
   2.4577936e-03  -7.8224942e-01  -8.3839435e-01
   2.4577936e-03  -7.8224942e-01  -8.3839435e-01
   2.4727120e-03  -7.8815559e-01  -8.6007823e-01
   2.4727120e-03  -7.8815559e-01  -8.6007823e-01
   2.5101621e-03  -8.0349945e-01  -9.1837800e-01
   2.5101621e-03  -8.0349945e-01  -9.1837800e-01
   2.5253983e-03  -8.0976305e-01  -9.4382367e-01
   2.5253983e-03  -8.0976305e-01  -9.4382367e-01
   2.5462705e-03  -8.1767851e-01  -9.8046866e-01
   2.5462705e-03  -8.1767851e-01  -9.8046866e-01
   2.5467793e-03  -8.1787158e-01  -9.8138920e-01
   2.5467793e-03  -8.1787158e-01  -9.8138920e-01
   2.5617227e-03  -8.2354354e-01  -1.0090261e+00
   2.5617227e-03  -8.2354354e-01  -1.0090261e+00
   2.5620803e-03  -8.2367929e-01  -1.0097018e+00
   2.5620803e-03  -8.2367929e-01  -1.0097018e+00
   2.5622378e-03  -8.2373911e-01  -1.0100000e+00
   2.5622378e-03  -8.2373911e-01  -1.0100000e+00
   2.5625875e-03  -8.2387189e-01  -1.0100000e+00
   2.5625875e-03  -8.2387189e-01  -1.0100000e+00
   2.5776285e-03  -8.2958513e-01  -1.0100000e+00
   2.5776285e-03  -8.2958513e-01  -1.0100000e+00
   2.5781419e-03  -8.2978022e-01  -1.0100000e+00
   2.5781419e-03  -8.2978022e-01  -1.0100000e+00
   2.8248996e-03  -8.3625329e-01  -1.0100000e+00
   2.8248996e-03  -8.3625329e-01  -1.0100000e+00
   2.8420462e-03  -8.3666667e-01  -1.0100000e+00
   2.8420462e-03  -8.3666667e-01  -1.0100000e+00
   3.0873054e-03  -8.4303237e-01  -1.0100000e+00
   3.0873054e-03  -8.4303237e-01  -1.0100000e+00
   3.1060447e-03  -8.4348315e-01  -1.0100000e+00
   3.1060447e-03  -8.4348315e-01  -1.0100000e+00
   3.3498039e-03  -8.4974012e-01  -1.0100000e+00
   3.3498039e-03  -8.4974012e-01  -1.0100000e+00
   3.3701365e-03  -8.5022727e-01  -1.0100000e+00
   3.3701365e-03  -8.5022727e-01  -1.0100000e+00
   3.6123943e-03  -8.5637410e-01  -1.0100000e+00
   3.6123943e-03  -8.5637410e-01  -1.0100000e+00
   3.6343208e-03  -8.5689655e-01  -1.0100000e+00
   3.6343208e-03  -8.5689655e-01  -1.0100000e+00
   3.8750755e-03  -8.6293176e-01  -1.0100000e+00
   3.8750755e-03  -8.6293176e-01  -1.0100000e+00
   3.8985965e-03  -8.6348837e-01  -1.0100000e+00
   3.8985965e-03  -8.6348837e-01  -1.0100000e+00
   4.1378466e-03  -8.6941042e-01  -1.0100000e+00
   4.1378466e-03  -8.6941042e-01  -1.0100000e+00
   4.1629626e-03  -8.7000000e-01  -1.0100000e+00
   4.1629626e-03  -8.7000000e-01  -1.0100000e+00
   4.4007066e-03  -8.7580728e-01  -1.0100000e+00
   4.4007066e-03  -8.7580728e-01  -1.0100000e+00
   4.4274180e-03  -8.7642857e-01  -1.0100000e+00
   4.4274180e-03  -8.7642857e-01  -1.0100000e+00
   4.6636543e-03  -8.8211940e-01  -1.0100000e+00
   4.6636543e-03  -8.8211940e-01  -1.0100000e+00
   4.6919617e-03  -8.8277108e-01  -1.0100000e+00
   4.6919617e-03  -8.8277108e-01  -1.0100000e+00
   4.9266885e-03  -8.8834371e-01  -1.0100000e+00
   4.9266885e-03  -8.8834371e-01  -1.0100000e+00
   4.9565925e-03  -8.8902439e-01  -1.0100000e+00
   4.9565925e-03  -8.8902439e-01  -1.0100000e+00
   5.1898082e-03  -8.9447699e-01  -1.0100000e+00
   5.1898082e-03  -8.9447699e-01  -1.0100000e+00
   5.2213093e-03  -8.9518519e-01  -1.0100000e+00
   5.2213093e-03  -8.9518519e-01  -1.0100000e+00
   5.4530120e-03  -9.0051583e-01  -1.0100000e+00
   5.4530120e-03  -9.0051583e-01  -1.0100000e+00
   5.4861107e-03  -9.0125000e-01  -1.0100000e+00
   5.4861107e-03  -9.0125000e-01  -1.0100000e+00
   5.7162986e-03  -9.0645668e-01  -1.0100000e+00
   5.7162986e-03  -9.0645668e-01  -1.0100000e+00
   5.7509954e-03  -9.0721519e-01  -1.0100000e+00
   5.7509954e-03  -9.0721519e-01  -1.0100000e+00
   5.9796668e-03  -9.1229580e-01  -1.0100000e+00
   5.9796668e-03  -9.1229580e-01  -1.0100000e+00
   6.0159622e-03  -9.1307692e-01  -1.0100000e+00
   6.0159622e-03  -9.1307692e-01  -1.0100000e+00
   6.2431151e-03  -9.1802926e-01  -1.0100000e+00
   6.2431151e-03  -9.1802926e-01  -1.0100000e+00
   6.2810096e-03  -9.1883117e-01  -1.0100000e+00
   6.2810096e-03  -9.1883117e-01  -1.0100000e+00
   6.5066421e-03  -9.2365292e-01  -1.0100000e+00
   6.5066421e-03  -9.2365292e-01  -1.0100000e+00
   6.5461361e-03  -9.2447368e-01  -1.0100000e+00
   6.5461361e-03  -9.2447368e-01  -1.0100000e+00
   6.7702462e-03  -9.2916241e-01  -1.0100000e+00
   6.7702462e-03  -9.2916241e-01  -1.0100000e+00
   6.8113403e-03  -9.3000000e-01  -1.0100000e+00
   6.8113403e-03  -9.3000000e-01  -1.0100000e+00
   7.0339258e-03  -9.3455316e-01  -1.0100000e+00
   7.0339258e-03  -9.3455316e-01  -1.0100000e+00
   7.0766204e-03  -9.3540541e-01  -1.0100000e+00
   7.0766204e-03  -9.3540541e-01  -1.0100000e+00
   7.2976793e-03  -9.3982031e-01  -1.0100000e+00
   7.2976793e-03  -9.3982031e-01  -1.0100000e+00
   7.3419748e-03  -9.4068493e-01  -1.0100000e+00
   7.3419748e-03  -9.4068493e-01  -1.0100000e+00
   7.5615050e-03  -9.4495876e-01  -1.0100000e+00
   7.5615050e-03  -9.4495876e-01  -1.0100000e+00
   7.6074018e-03  -9.4583333e-01  -1.0100000e+00
   7.6074018e-03  -9.4583333e-01  -1.0100000e+00
   7.8254009e-03  -9.4996311e-01  -1.0100000e+00
   7.8254009e-03  -9.4996311e-01  -1.0100000e+00
   7.8728996e-03  -9.5084507e-01  -1.0100000e+00
   7.8728996e-03  -9.5084507e-01  -1.0100000e+00
   8.0893653e-03  -9.5482768e-01  -1.0100000e+00
   8.0893653e-03  -9.5482768e-01  -1.0100000e+00
   8.1384662e-03  -9.5571429e-01  -1.0100000e+00
   8.1384662e-03  -9.5571429e-01  -1.0100000e+00
   8.3533962e-03  -9.5954642e-01  -1.0100000e+00
   8.3533962e-03  -9.5954642e-01  -1.0100000e+00
   8.4040997e-03  -9.6043478e-01  -1.0100000e+00
   8.4040997e-03  -9.6043478e-01  -1.0100000e+00
   8.6174914e-03  -9.6411297e-01  -1.0100000e+00
   8.6174914e-03  -9.6411297e-01  -1.0100000e+00
   8.6697979e-03  -9.6500000e-01  -1.0100000e+00
   8.6697979e-03  -9.6500000e-01  -1.0100000e+00
   8.8816488e-03  -9.6852058e-01  -1.0100000e+00
   8.8816488e-03  -9.6852058e-01  -1.0100000e+00
   8.9355587e-03  -9.6940299e-01  -1.0100000e+00
   8.9355587e-03  -9.6940299e-01  -1.0100000e+00
   9.1458662e-03  -9.7276207e-01  -1.0100000e+00
   9.1458662e-03  -9.7276207e-01  -1.0100000e+00
   9.2013798e-03  -9.7363636e-01  -1.0100000e+00
   9.2013798e-03  -9.7363636e-01  -1.0100000e+00
   9.4101411e-03  -9.7682985e-01  -1.0100000e+00
   9.4101411e-03  -9.7682985e-01  -1.0100000e+00
   9.4672588e-03  -9.7769231e-01  -1.0100000e+00
   9.4672588e-03  -9.7769231e-01  -1.0100000e+00
   9.6744710e-03  -9.8071587e-01  -1.0100000e+00
   9.6744710e-03  -9.8071587e-01  -1.0100000e+00
   9.7331932e-03  -9.8156250e-01  -1.0100000e+00
   9.7331932e-03  -9.8156250e-01  -1.0100000e+00
   9.9388534e-03  -9.8441154e-01  -1.0100000e+00
   9.9388534e-03  -9.8441154e-01  -1.0100000e+00
   9.9991803e-03  -9.8523810e-01  -1.0100000e+00
   9.9991803e-03  -9.8523810e-01  -1.0100000e+00
   1.0203285e-02  -9.8790774e-01  -1.0100000e+00
   1.0203285e-02  -9.8790774e-01  -1.0100000e+00
   1.0265217e-02  -9.8870968e-01  -1.0100000e+00
   1.0265217e-02  -9.8870968e-01  -1.0100000e+00
   1.0467764e-02  -9.9119476e-01  -1.0100000e+00
   1.0467764e-02  -9.9119476e-01  -1.0100000e+00
   1.0531302e-02  -9.9196721e-01  -1.0100000e+00
   1.0531302e-02  -9.9196721e-01  -1.0100000e+00
   1.0732287e-02  -9.9426225e-01  -1.0100000e+00
   1.0732287e-02  -9.9426225e-01  -1.0100000e+00
   1.0797430e-02  -9.9500000e-01  -1.0100000e+00
   1.0797430e-02  -9.9500000e-01  -1.0100000e+00
   1.0996850e-02  -9.9709915e-01  -1.0100000e+00
   1.0996850e-02  -9.9709915e-01  -1.0100000e+00
   1.1063599e-02  -9.9779661e-01  -1.0100000e+00
   1.1063599e-02  -9.9779661e-01  -1.0100000e+00
   1.1261450e-02  -9.9969367e-01  -1.0100000e+00
   1.1261450e-02  -9.9969367e-01  -1.0100000e+00
   1.1329805e-02  -1.0003448e+00  -1.0100000e+00
   1.1329805e-02  -1.0003448e+00  -1.0100000e+00
   1.1526084e-02  -1.0020332e+00  -1.0100000e+00
   1.1526084e-02  -1.0020332e+00  -1.0100000e+00
   1.1596046e-02  -1.0026316e+00  -1.0100000e+00
   1.1596046e-02  -1.0026316e+00  -1.0100000e+00
   1.1790748e-02  -1.0041042e+00  -1.0100000e+00
   1.1790748e-02  -1.0041042e+00  -1.0100000e+00
   1.1862316e-02  -1.0046429e+00  -1.0100000e+00
   1.1862316e-02  -1.0046429e+00  -1.0100000e+00
   1.2055438e-02  -1.0058922e+00  -1.0100000e+00
   1.2055438e-02  -1.0058922e+00  -1.0100000e+00
   1.2128613e-02  -1.0063636e+00  -1.0100000e+00
   1.2128613e-02  -1.0063636e+00  -1.0100000e+00
   1.2320150e-02  -1.0073816e+00  -1.0100000e+00
   1.2320150e-02  -1.0073816e+00  -1.0100000e+00
   1.2394931e-02  -1.0077778e+00  -1.0100000e+00
   1.2394931e-02  -1.0077778e+00  -1.0100000e+00
   1.2584879e-02  -1.0085558e+00  -1.0100000e+00
   1.2584879e-02  -1.0085558e+00  -1.0100000e+00
   1.2661267e-02  -1.0088679e+00  -1.0100000e+00
   1.2661267e-02  -1.0088679e+00  -1.0100000e+00
   1.2802256e-02  -1.0092639e+00  -1.0100000e+00
   1.2802256e-02  -1.0092639e+00  -1.0100000e+00
   1.2824078e-02  -1.0093251e+00  -1.0100000e+00
   1.2824078e-02  -1.0093251e+00  -1.0100000e+00
   1.2878145e-02  -1.0094767e+00  -1.0100000e+00
   1.2878145e-02  -1.0094767e+00  -1.0100000e+00
   1.2900097e-02  -1.0094737e+00  -1.0100000e+00
   1.2900097e-02  -1.0094737e+00  -1.0100000e+00
   1.3151285e-02  -1.0094390e+00  -1.0100000e+00
   1.3387251e-02  -1.0094058e+00  -1.0100000e+00
   1.3387251e-02  -1.0094058e+00  -1.0100000e+00
   1.3410377e-02  -1.0094025e+00  -1.0100000e+00
   1.3410377e-02  -1.0094025e+00  -1.0100000e+00
   1.3470246e-02  -1.0093939e+00  -1.0100000e+00
   1.3470246e-02  -1.0093939e+00  -1.0100000e+00
   1.3493517e-02  -1.0093124e+00  -1.0100000e+00
   1.3493517e-02  -1.0093124e+00  -1.0100000e+00
   1.3537955e-02  -1.0091565e+00  -1.0100000e+00
   1.3537955e-02  -1.0091565e+00  -1.0100000e+00
   1.3620128e-02  -1.0088679e+00  -1.0100000e+00
   1.3620128e-02  -1.0088679e+00  -1.0100000e+00
   1.3749739e-02  -1.0082054e+00  -1.0100000e+00
   1.3749739e-02  -1.0082054e+00  -1.0100000e+00
   1.3833197e-02  -1.0077778e+00  -1.0100000e+00
   1.3833197e-02  -1.0077778e+00  -1.0100000e+00
   1.3961508e-02  -1.0069272e+00  -1.0100000e+00
   1.3961508e-02  -1.0069272e+00  -1.0100000e+00
   1.4046252e-02  -1.0063636e+00  -1.0100000e+00
   1.4046252e-02  -1.0063636e+00  -1.0100000e+00
   1.4173260e-02  -1.0053394e+00  -1.0100000e+00
   1.4173260e-02  -1.0053394e+00  -1.0100000e+00
   1.4259289e-02  -1.0046429e+00  -1.0100000e+00
   1.4259289e-02  -1.0046429e+00  -1.0100000e+00
   1.4384991e-02  -1.0034583e+00  -1.0100000e+00
   1.4384991e-02  -1.0034583e+00  -1.0100000e+00
   1.4472305e-02  -1.0026316e+00  -1.0100000e+00
   1.4472305e-02  -1.0026316e+00  -1.0100000e+00
   1.4596698e-02  -1.0012992e+00  -1.0100000e+00
   1.4596698e-02  -1.0012992e+00  -1.0100000e+00
   1.4685297e-02  -1.0003448e+00  -1.0100000e+00
   1.4685297e-02  -1.0003448e+00  -1.0100000e+00
   1.4808379e-02  -9.9887615e-01  -1.0100000e+00
   1.4808379e-02  -9.9887615e-01  -1.0100000e+00
   1.4898263e-02  -9.9779661e-01  -1.0100000e+00
   1.4898263e-02  -9.9779661e-01  -1.0100000e+00
   1.5020029e-02  -9.9620242e-01  -1.0100000e+00
   1.5020029e-02  -9.9620242e-01  -1.0100000e+00
   1.5111198e-02  -9.9500000e-01  -1.0100000e+00
   1.5111198e-02  -9.9500000e-01  -1.0100000e+00
   1.5231647e-02  -9.9329035e-01  -1.0100000e+00
   1.5231647e-02  -9.9329035e-01  -1.0100000e+00
   1.5324100e-02  -9.9196721e-01  -1.0100000e+00
   1.5324100e-02  -9.9196721e-01  -1.0100000e+00
   1.5443230e-02  -9.9015149e-01  -1.0100000e+00
   1.5443230e-02  -9.9015149e-01  -1.0100000e+00
   1.5536968e-02  -9.8870968e-01  -1.0100000e+00
   1.5536968e-02  -9.8870968e-01  -1.0100000e+00
   1.5654776e-02  -9.8679668e-01  -1.0100000e+00
   1.5654776e-02  -9.8679668e-01  -1.0100000e+00
   1.5749797e-02  -9.8523810e-01  -1.0100000e+00
   1.5749797e-02  -9.8523810e-01  -1.0100000e+00
   1.5866282e-02  -9.8323605e-01  -1.0100000e+00
   1.5866282e-02  -9.8323605e-01  -1.0100000e+00
   1.5962587e-02  -9.8156250e-01  -1.0100000e+00
   1.5962587e-02  -9.8156250e-01  -1.0100000e+00
   1.6077746e-02  -9.7947912e-01  -1.0100000e+00
   1.6077746e-02  -9.7947912e-01  -1.0100000e+00
   1.6175335e-02  -9.7769231e-01  -1.0100000e+00
   1.6175335e-02  -9.7769231e-01  -1.0100000e+00
   1.6289166e-02  -9.7553484e-01  -1.0100000e+00
   1.6289166e-02  -9.7553484e-01  -1.0100000e+00
   1.6388038e-02  -9.7363636e-01  -1.0100000e+00
   1.6388038e-02  -9.7363636e-01  -1.0100000e+00
   1.6500540e-02  -9.7141161e-01  -1.0100000e+00
   1.6500540e-02  -9.7141161e-01  -1.0100000e+00
   1.6600695e-02  -9.6940299e-01  -1.0100000e+00
   1.6600695e-02  -9.6940299e-01  -1.0100000e+00
   1.6711866e-02  -9.6711736e-01  -1.0100000e+00
   1.6711866e-02  -9.6711736e-01  -1.0100000e+00
   1.6813303e-02  -9.6500000e-01  -1.0100000e+00
   1.6813303e-02  -9.6500000e-01  -1.0100000e+00
   1.6923142e-02  -9.6265952e-01  -1.0100000e+00
   1.6923142e-02  -9.6265952e-01  -1.0100000e+00
   1.7025862e-02  -9.6043478e-01  -1.0100000e+00
   1.7025862e-02  -9.6043478e-01  -1.0100000e+00
   1.7134367e-02  -9.5804515e-01  -1.0100000e+00
   1.7134367e-02  -9.5804515e-01  -1.0100000e+00
   1.7238369e-02  -9.5571429e-01  -1.0100000e+00
   1.7238369e-02  -9.5571429e-01  -1.0100000e+00
   1.7345538e-02  -9.5328087e-01  -1.0100000e+00
   1.7345538e-02  -9.5328087e-01  -1.0100000e+00
   1.7450822e-02  -9.5084507e-01  -1.0100000e+00
   1.7450822e-02  -9.5084507e-01  -1.0100000e+00
   1.7556655e-02  -9.4837296e-01  -1.0100000e+00
   1.7556655e-02  -9.4837296e-01  -1.0100000e+00
   1.7663220e-02  -9.4583333e-01  -1.0100000e+00
   1.7663220e-02  -9.4583333e-01  -1.0100000e+00
   1.7767715e-02  -9.4332733e-01  -1.0100000e+00
   1.7767715e-02  -9.4332733e-01  -1.0100000e+00
   1.7875562e-02  -9.4068493e-01  -1.0100000e+00
   1.7875562e-02  -9.4068493e-01  -1.0100000e+00
   1.7978718e-02  -9.3814960e-01  -1.0100000e+00
   1.7978718e-02  -9.3814960e-01  -1.0100000e+00
   1.8087845e-02  -9.3540541e-01  -1.0100000e+00
   1.8087845e-02  -9.3540541e-01  -1.0100000e+00
   1.8189662e-02  -9.3284509e-01  -1.0100000e+00
   1.8189662e-02  -9.3284509e-01  -1.0100000e+00
   1.8300069e-02  -9.3000000e-01  -1.0100000e+00
   1.8300069e-02  -9.3000000e-01  -1.0100000e+00
   1.8400545e-02  -9.2741882e-01  -1.0100000e+00
   1.8400545e-02  -9.2741882e-01  -1.0100000e+00
   1.8512233e-02  -9.2447368e-01  -1.0100000e+00
   1.8512233e-02  -9.2447368e-01  -1.0100000e+00
   1.8611367e-02  -9.2187557e-01  -1.0100000e+00
   1.8611367e-02  -9.2187557e-01  -1.0100000e+00
   1.8724334e-02  -9.1883117e-01  -1.0100000e+00
   1.8724334e-02  -9.1883117e-01  -1.0100000e+00
   1.8822125e-02  -9.1621989e-01  -1.0100000e+00
   1.8822125e-02  -9.1621989e-01  -1.0100000e+00
   1.8936372e-02  -9.1307692e-01  -1.0100000e+00
   1.8936372e-02  -9.1307692e-01  -1.0100000e+00
   1.9032820e-02  -9.1045608e-01  -1.0100000e+00
   1.9032820e-02  -9.1045608e-01  -1.0100000e+00
   1.9148345e-02  -9.0721519e-01  -1.0100000e+00
   1.9148345e-02  -9.0721519e-01  -1.0100000e+00
   1.9243449e-02  -9.0458824e-01  -1.0100000e+00
   1.9243449e-02  -9.0458824e-01  -1.0100000e+00
   1.9360253e-02  -9.0125000e-01  -1.0100000e+00
   1.9360253e-02  -9.0125000e-01  -1.0100000e+00
   1.9454012e-02  -8.9862029e-01  -1.0100000e+00
   1.9454012e-02  -8.9862029e-01  -1.0100000e+00
   1.9572094e-02  -8.9518519e-01  -1.0100000e+00
   1.9572094e-02  -8.9518519e-01  -1.0100000e+00
   1.9664508e-02  -8.9255595e-01  -1.0100000e+00
   1.9664508e-02  -8.9255595e-01  -1.0100000e+00
   1.9783868e-02  -8.8902439e-01  -1.0100000e+00
   1.9783868e-02  -8.8902439e-01  -1.0100000e+00
   1.9874935e-02  -8.8639879e-01  -1.0100000e+00
   1.9874935e-02  -8.8639879e-01  -1.0100000e+00
   1.9995572e-02  -8.8277108e-01  -1.0100000e+00
   1.9995572e-02  -8.8277108e-01  -1.0100000e+00
   2.0000000e-02  -8.8264415e-01  -1.0100000e+00
   2.0022139e-02  -8.8267347e-01  -1.0100000e+00
   2.0095896e-02  -8.8277108e-01  -1.0100000e+00
   2.0095896e-02  -8.8277108e-01  -1.0100000e+00
   2.0206592e-02  -8.8292841e-01  -1.0100000e+00
   2.0317288e-02  -8.8308545e-01  -1.0100000e+00
   2.0538680e-02  -8.8339863e-01  -1.0100000e+00
   2.0981463e-02  -8.8402146e-01  -1.0100000e+00
   2.1867031e-02  -8.8525317e-01  -1.0100000e+00
   2.2714294e-02  -8.8641449e-01  -1.0100000e+00
   2.2714294e-02  -8.8641449e-01  -1.0100000e+00
   2.4485428e-02  -8.8878956e-01  -1.0100000e+00
   2.4663412e-02  -8.8902439e-01  -1.0100000e+00
   2.4663412e-02  -8.8902439e-01  -1.0100000e+00
   2.6434547e-02  -8.9148242e-01  -1.0100000e+00
   2.7254253e-02  -8.9259700e-01  -1.0100000e+00
   2.7254253e-02  -8.9259700e-01  -1.0100000e+00
   2.7552934e-02  -8.9299959e-01  -1.0100000e+00
   2.7552934e-02  -8.9299959e-01  -1.0100000e+00
   2.7661001e-02  -8.9314478e-01  -1.0100000e+00
   2.7661001e-02  -8.9314478e-01  -1.0100000e+00
   2.7769068e-02  -8.9328974e-01  -1.0100000e+00
   2.7877134e-02  -8.9343445e-01  -1.0100000e+00
   2.8093268e-02  -8.9372313e-01  -1.0100000e+00
   2.8525536e-02  -8.9429760e-01  -1.0100000e+00
   2.9199168e-02  -8.9518519e-01  -1.0100000e+00
   2.9199168e-02  -8.9518519e-01  -1.0100000e+00
   3.0063704e-02  -8.9638040e-01  -1.0100000e+00
   3.0928239e-02  -8.9756047e-01  -1.0100000e+00
   3.1762644e-02  -8.9868528e-01  -1.0100000e+00
   3.1762644e-02  -8.9868528e-01  -1.0100000e+00
   3.3491715e-02  -9.0097297e-01  -1.0100000e+00
   3.3704073e-02  -9.0125000e-01  -1.0100000e+00
   3.3704073e-02  -9.0125000e-01  -1.0100000e+00
   3.5433144e-02  -9.0359836e-01  -1.0100000e+00
   3.6240370e-02  -9.0467572e-01  -1.0100000e+00
   3.6240370e-02  -9.0467572e-01  -1.0100000e+00
   3.7969441e-02  -9.0694387e-01  -1.0100000e+00
   3.8179027e-02  -9.0721519e-01  -1.0100000e+00
   3.8179027e-02  -9.0721519e-01  -1.0100000e+00
   3.9908098e-02  -9.0953471e-01  -1.0100000e+00
   4.0688325e-02  -9.1056459e-01  -1.0100000e+00
   4.0688325e-02  -9.1056459e-01  -1.0100000e+00
   4.2417397e-02  -9.1281066e-01  -1.0100000e+00
   4.2624919e-02  -9.1307692e-01  -1.0100000e+00
   4.2624919e-02  -9.1307692e-01  -1.0100000e+00
   4.4353990e-02  -9.1536554e-01  -1.0100000e+00
   4.5107395e-02  -9.1634795e-01  -1.0100000e+00
   4.5107395e-02  -9.1634795e-01  -1.0100000e+00
   4.5788007e-02  -9.1722783e-01  -1.0100000e+00
   4.5788007e-02  -9.1722783e-01  -1.0100000e+00
   4.6017270e-02  -9.1752261e-01  -1.0100000e+00
   4.6017270e-02  -9.1752261e-01  -1.0100000e+00
   4.6246534e-02  -9.1781659e-01  -1.0100000e+00
   4.6475797e-02  -9.1810976e-01  -1.0100000e+00
   4.6934324e-02  -9.1869370e-01  -1.0100000e+00
   4.7042633e-02  -9.1883117e-01  -1.0100000e+00
   4.7042633e-02  -9.1883117e-01  -1.0100000e+00
   4.7959687e-02  -9.2003293e-01  -1.0100000e+00
   4.8876740e-02  -9.2122229e-01  -1.0100000e+00
   4.9498456e-02  -9.2202166e-01  -1.0100000e+00
   4.9498456e-02  -9.2202166e-01  -1.0100000e+00
   5.1332563e-02  -9.2434763e-01  -1.0100000e+00
   5.1433044e-02  -9.2447368e-01  -1.0100000e+00
   5.1433044e-02  -9.2447368e-01  -1.0100000e+00
   5.3267152e-02  -9.2682731e-01  -1.0100000e+00
   5.3862379e-02  -9.2758139e-01  -1.0100000e+00
   5.3862379e-02  -9.2758139e-01  -1.0100000e+00
   5.5696487e-02  -9.2987552e-01  -1.0100000e+00
   5.5797024e-02  -9.3000000e-01  -1.0100000e+00
   5.5797024e-02  -9.3000000e-01  -1.0100000e+00
   5.7631131e-02  -9.3231348e-01  -1.0100000e+00
   5.8200030e-02  -9.3302258e-01  -1.0100000e+00
   5.8200030e-02  -9.3302258e-01  -1.0100000e+00
   6.0034138e-02  -9.3528181e-01  -1.0100000e+00
   6.0135439e-02  -9.3540541e-01  -1.0100000e+00
   6.0135439e-02  -9.3540541e-01  -1.0100000e+00
   6.1969546e-02  -9.3767593e-01  -1.0100000e+00
   6.2512271e-02  -9.3834042e-01  -1.0100000e+00
   6.2512271e-02  -9.3834042e-01  -1.0100000e+00
   6.4346378e-02  -9.4056157e-01  -1.0100000e+00
   6.4449154e-02  -9.4068493e-01  -1.0100000e+00
   6.4449154e-02  -9.4068493e-01  -1.0100000e+00
   6.4911477e-02  -9.4124903e-01  -1.0100000e+00
   6.4911477e-02  -9.4124903e-01  -1.0100000e+00
   6.5278530e-02  -9.4169527e-01  -1.0100000e+00
   6.5278530e-02  -9.4169527e-01  -1.0100000e+00
   6.5645584e-02  -9.4214010e-01  -1.0100000e+00
   6.6012638e-02  -9.4258350e-01  -1.0100000e+00
   6.6746745e-02  -9.4346610e-01  -1.0100000e+00
   6.6799960e-02  -9.4352986e-01  -1.0100000e+00
   6.6799960e-02  -9.4352986e-01  -1.0100000e+00
   6.8268175e-02  -9.4527753e-01  -1.0100000e+00
   6.8739032e-02  -9.4583333e-01  -1.0100000e+00
   6.8739032e-02  -9.4583333e-01  -1.0100000e+00
   7.0207246e-02  -9.4757742e-01  -1.0100000e+00
   7.1063957e-02  -9.4858555e-01  -1.0100000e+00
   7.1063957e-02  -9.4858555e-01  -1.0100000e+00
   7.2532171e-02  -9.5029710e-01  -1.0100000e+00
   7.3005937e-02  -9.5084507e-01  -1.0100000e+00
   7.3005937e-02  -9.5084507e-01  -1.0100000e+00
   7.4474152e-02  -9.5254698e-01  -1.0100000e+00
   7.5305119e-02  -9.5350186e-01  -1.0100000e+00
   7.5305119e-02  -9.5350186e-01  -1.0100000e+00
   7.6692501e-02  -9.5508282e-01  -1.0100000e+00
   7.6692501e-02  -9.5508282e-01  -1.0100000e+00
   7.7250736e-02  -9.5571429e-01  -1.0100000e+00
   7.7250736e-02  -9.5571429e-01  -1.0100000e+00
   7.7457725e-02  -9.5594893e-01  -1.0100000e+00
   7.7457725e-02  -9.5594893e-01  -1.0100000e+00
   7.7664715e-02  -9.5618322e-01  -1.0100000e+00
   7.7871705e-02  -9.5641718e-01  -1.0100000e+00
   7.8285685e-02  -9.5688406e-01  -1.0100000e+00
   7.9113645e-02  -9.5781373e-01  -1.0100000e+00
   7.9379457e-02  -9.5811105e-01  -1.0100000e+00
   7.9379457e-02  -9.5811105e-01  -1.0100000e+00
   7.9524308e-02  -9.5794486e-01  -1.0100000e+00
   7.9524308e-02  -9.5794486e-01  -1.0100000e+00
   7.9669158e-02  -9.5777855e-01  -1.0100000e+00
   7.9814009e-02  -9.5761210e-01  -1.0100000e+00
   8.0103710e-02  -9.5727880e-01  -1.0100000e+00
   8.0253636e-02  -9.5710611e-01  -1.0100000e+00
   8.0253636e-02  -9.5710611e-01  -1.0100000e+00
   8.0833038e-02  -9.5643736e-01  -1.0100000e+00
   8.0964985e-02  -9.5628477e-01  -1.0100000e+00
   8.0964985e-02  -9.5628477e-01  -1.0100000e+00
   8.1457436e-02  -9.5571429e-01  -1.0100000e+00
   8.1457436e-02  -9.5571429e-01  -1.0100000e+00
   8.1949886e-02  -9.5514501e-01  -1.0100000e+00
   8.2442336e-02  -9.5457405e-01  -1.0100000e+00
   8.3427237e-02  -9.5342708e-01  -1.0100000e+00
   8.5097178e-02  -9.5146682e-01  -1.0100000e+00
   8.5097178e-02  -9.5146682e-01  -1.0100000e+00
   8.5623369e-02  -9.5084507e-01  -1.0100000e+00
   8.5623369e-02  -9.5084507e-01  -1.0100000e+00
   8.6149560e-02  -9.5022728e-01  -1.0100000e+00
   8.6675751e-02  -9.4960739e-01  -1.0100000e+00
   8.7728132e-02  -9.4836127e-01  -1.0100000e+00
   8.9280339e-02  -9.4650772e-01  -1.0100000e+00
   8.9280339e-02  -9.4650772e-01  -1.0100000e+00
   8.9841224e-02  -9.4583333e-01  -1.0100000e+00
   8.9841224e-02  -9.4583333e-01  -1.0100000e+00
   9.0402109e-02  -9.4516602e-01  -1.0100000e+00
   9.0962994e-02  -9.4449609e-01  -1.0100000e+00
   9.2084764e-02  -9.4314836e-01  -1.0100000e+00
   9.3516119e-02  -9.4141327e-01  -1.0100000e+00
   9.3516119e-02  -9.4141327e-01  -1.0100000e+00
   9.4112703e-02  -9.4068493e-01  -1.0100000e+00
   9.4112703e-02  -9.4068493e-01  -1.0100000e+00
   9.4709288e-02  -9.3996715e-01  -1.0100000e+00
   9.5305872e-02  -9.3924615e-01  -1.0100000e+00
   9.6499041e-02  -9.3779444e-01  -1.0100000e+00
   9.7806251e-02  -9.3618897e-01  -1.0100000e+00
   9.7806251e-02  -9.3618897e-01  -1.0100000e+00
   9.8439596e-02  -9.3540541e-01  -1.0100000e+00
   9.8439596e-02  -9.3540541e-01  -1.0100000e+00
   9.9072941e-02  -9.3463627e-01  -1.0100000e+00
   9.9706286e-02  -9.3386322e-01  -1.0100000e+00
   1.0097298e-01  -9.3230525e-01  -1.0100000e+00
   1.0215256e-01  -9.3084003e-01  -1.0100000e+00
   1.0215256e-01  -9.3084003e-01  -1.0100000e+00
   1.0282379e-01  -9.3000000e-01  -1.0100000e+00
   1.0282379e-01  -9.3000000e-01  -1.0100000e+00
   1.0349501e-01  -9.2917872e-01  -1.0100000e+00
   1.0416624e-01  -9.2835268e-01  -1.0100000e+00
   1.0550869e-01  -9.2668620e-01  -1.0100000e+00
   1.0655696e-01  -9.2537140e-01  -1.0100000e+00
   1.0655696e-01  -9.2537140e-01  -1.0100000e+00
   1.0726726e-01  -9.2447368e-01  -1.0100000e+00
   1.0726726e-01  -9.2447368e-01  -1.0100000e+00
   1.0797756e-01  -9.2359951e-01  -1.0100000e+00
   1.0868785e-01  -9.2271961e-01  -1.0100000e+00
   1.1010844e-01  -9.2094242e-01  -1.0100000e+00
   1.1102150e-01  -9.1978777e-01  -1.0100000e+00
   1.1102150e-01  -9.1978777e-01  -1.0100000e+00
   1.1177212e-01  -9.1883117e-01  -1.0100000e+00
   1.1177212e-01  -9.1883117e-01  -1.0100000e+00
   1.1252274e-01  -9.1790342e-01  -1.0100000e+00
   1.1327336e-01  -9.1696882e-01  -1.0100000e+00
   1.1477460e-01  -9.1507872e-01  -1.0100000e+00
   1.1554830e-01  -9.1409359e-01  -1.0100000e+00
   1.1554830e-01  -9.1409359e-01  -1.0100000e+00
   1.1634057e-01  -9.1307692e-01  -1.0100000e+00
   1.1634057e-01  -9.1307692e-01  -1.0100000e+00
   1.1713285e-01  -9.1209500e-01  -1.0100000e+00
   1.1792513e-01  -9.1110488e-01  -1.0100000e+00
   1.1950968e-01  -9.0909967e-01  -1.0100000e+00
   1.2013963e-01  -9.0829311e-01  -1.0100000e+00
   1.2013963e-01  -9.0829311e-01  -1.0100000e+00
   1.2097498e-01  -9.0721519e-01  -1.0100000e+00
   1.2097498e-01  -9.0721519e-01  -1.0100000e+00
   1.2181033e-01  -9.0617854e-01  -1.0100000e+00
   1.2264568e-01  -9.0513215e-01  -1.0100000e+00
   1.2431638e-01  -9.0300960e-01  -1.0100000e+00
   1.2479789e-01  -9.0239038e-01  -1.0100000e+00
   1.2479789e-01  -9.0239038e-01  -1.0100000e+00
   1.2567782e-01  -9.0125000e-01  -1.0100000e+00
   1.2567782e-01  -9.0125000e-01  -1.0100000e+00
   1.2655774e-01  -9.0015815e-01  -1.0100000e+00
   1.2743767e-01  -8.9905474e-01  -1.0100000e+00
   1.2919753e-01  -8.9681256e-01  -1.0100000e+00
   1.2952563e-01  -8.9638924e-01  -1.0100000e+00
   1.2952563e-01  -8.9638924e-01  -1.0100000e+00
   1.3045174e-01  -8.9518519e-01  -1.0100000e+00
   1.3045174e-01  -8.9518519e-01  -1.0100000e+00
   1.3137785e-01  -8.9403773e-01  -1.0100000e+00
   1.3230396e-01  -8.9287660e-01  -1.0100000e+00
   1.3415618e-01  -8.9051240e-01  -1.0100000e+00
   1.3432555e-01  -8.9029338e-01  -1.0100000e+00
   1.3432555e-01  -8.9029338e-01  -1.0100000e+00
   1.3529955e-01  -8.8902439e-01  -1.0100000e+00
   1.3529955e-01  -8.8902439e-01  -1.0100000e+00
   1.3627355e-01  -8.8782100e-01  -1.0100000e+00
   1.3724755e-01  -8.8660147e-01  -1.0100000e+00
   1.3919556e-01  -8.8411275e-01  -1.0100000e+00
   1.3920052e-01  -8.8410632e-01  -1.0100000e+00
   1.3920052e-01  -8.8410632e-01  -1.0100000e+00
   1.4022425e-01  -8.8277108e-01  -1.0100000e+00
   1.4022425e-01  -8.8277108e-01  -1.0100000e+00
   1.4124797e-01  -8.8151153e-01  -1.0100000e+00
   1.4227169e-01  -8.8023294e-01  -1.0100000e+00
   1.4415363e-01  -8.7783142e-01  -1.0100000e+00
   1.4415363e-01  -8.7783142e-01  -1.0100000e+00
   1.4522903e-01  -8.7642857e-01  -1.0100000e+00
   1.4522903e-01  -8.7642857e-01  -1.0100000e+00
   1.4630443e-01  -8.7511271e-01  -1.0100000e+00
   1.4737983e-01  -8.7377443e-01  -1.0100000e+00
   1.4918814e-01  -8.7147195e-01  -1.0100000e+00
   1.4918814e-01  -8.7147195e-01  -1.0100000e+00
   1.5031732e-01  -8.7000000e-01  -1.0100000e+00
   1.5031732e-01  -8.7000000e-01  -1.0100000e+00
   1.5144649e-01  -8.6862784e-01  -1.0100000e+00
   1.5257567e-01  -8.6722924e-01  -1.0100000e+00
   1.5430757e-01  -8.6503102e-01  -1.0100000e+00
   1.5430757e-01  -8.6503102e-01  -1.0100000e+00
   1.5549277e-01  -8.6348837e-01  -1.0100000e+00
   1.5549277e-01  -8.6348837e-01  -1.0100000e+00
   1.5667798e-01  -8.6206005e-01  -1.0100000e+00
   1.5786319e-01  -8.6060054e-01  -1.0100000e+00
   1.5951567e-01  -8.5851166e-01  -1.0100000e+00
   1.5951567e-01  -8.5851166e-01  -1.0100000e+00
   1.6075933e-01  -8.5689655e-01  -1.0100000e+00
   1.6075933e-01  -8.5689655e-01  -1.0100000e+00
   1.6200300e-01  -8.5541241e-01  -1.0100000e+00
   1.6324667e-01  -8.5389142e-01  -1.0100000e+00
   1.6481648e-01  -8.5191683e-01  -1.0100000e+00
   1.6481648e-01  -8.5191683e-01  -1.0100000e+00
   1.6612123e-01  -8.5022727e-01  -1.0100000e+00
   1.6612123e-01  -8.5022727e-01  -1.0100000e+00
   1.6742598e-01  -8.4868789e-01  -1.0100000e+00
   1.6873073e-01  -8.4710487e-01  -1.0100000e+00
   1.7021437e-01  -8.4524944e-01  -1.0100000e+00
   1.7021437e-01  -8.4524944e-01  -1.0100000e+00
   1.7158303e-01  -8.4348315e-01  -1.0100000e+00
   1.7158303e-01  -8.4348315e-01  -1.0100000e+00
   1.7295170e-01  -8.4188945e-01  -1.0100000e+00
   1.7432036e-01  -8.4024388e-01  -1.0100000e+00
   1.7571402e-01  -8.3851236e-01  -1.0100000e+00
   1.7571402e-01  -8.3851236e-01  -1.0100000e+00
   1.7714968e-01  -8.3666667e-01  -1.0100000e+00
   1.7714968e-01  -8.3666667e-01  -1.0100000e+00
   1.7858534e-01  -8.3502002e-01  -1.0100000e+00
   1.8002099e-01  -8.3331145e-01  -1.0100000e+00
   1.8132054e-01  -8.3170854e-01  -1.0100000e+00
   1.8132054e-01  -8.3170854e-01  -1.0100000e+00
   1.8282653e-01  -8.2978022e-01  -1.0100000e+00
   1.8282653e-01  -8.2978022e-01  -1.0100000e+00
   1.8433252e-01  -8.2808265e-01  -1.0100000e+00
   1.8583851e-01  -8.2631067e-01  -1.0100000e+00
   1.8703943e-01  -8.2484103e-01  -1.0100000e+00
   1.8703943e-01  -8.2484103e-01  -1.0100000e+00
   1.8861940e-01  -8.2282609e-01  -1.0100000e+00
   1.8861940e-01  -8.2282609e-01  -1.0100000e+00
   1.9019938e-01  -8.2108054e-01  -1.0100000e+00
   1.9091741e-01  -8.2025790e-01  -1.0100000e+00
   1.9091741e-01  -8.2025790e-01  -1.0100000e+00
   1.9249738e-01  -8.1837898e-01  -1.0100000e+00
   1.9254889e-01  -8.1831606e-01  -1.0100000e+00
   1.9254889e-01  -8.1831606e-01  -1.0100000e+00
   1.9287672e-01  -8.1839606e-01  -1.0100000e+00
   1.9287672e-01  -8.1839606e-01  -1.0100000e+00
   1.9320455e-01  -8.1847578e-01  -1.0100000e+00
   1.9353238e-01  -8.1855521e-01  -1.0100000e+00
   1.9418804e-01  -8.1871322e-01  -1.0100000e+00
   1.9453467e-01  -8.1879630e-01  -1.0100000e+00
   1.9453467e-01  -8.1879630e-01  -1.0100000e+00
   1.9584599e-01  -8.1910779e-01  -1.0100000e+00
   1.9715731e-01  -8.1941490e-01  -1.0100000e+00
   1.9883950e-01  -8.1980258e-01  -1.0100000e+00
   1.9883950e-01  -8.1980258e-01  -1.0100000e+00
   2.0057981e-01  -8.2019637e-01  -1.0100000e+00
   2.0057981e-01  -8.2019637e-01  -1.0100000e+00
   2.0232012e-01  -8.2058295e-01  -1.0100000e+00
   2.0406043e-01  -8.2096248e-01  -1.0100000e+00
   2.0493637e-01  -8.2115089e-01  -1.0100000e+00
   2.0493637e-01  -8.2115089e-01  -1.0100000e+00
   2.0676394e-01  -8.2153846e-01  -1.0100000e+00
   2.0676394e-01  -8.2153846e-01  -1.0100000e+00
   2.0859151e-01  -8.2191872e-01  -1.0100000e+00
   2.1041909e-01  -8.2229183e-01  -1.0100000e+00
   2.1117708e-01  -8.2244453e-01  -1.0100000e+00
   2.1117708e-01  -8.2244453e-01  -1.0100000e+00
   2.1309739e-01  -8.2282609e-01  -1.0100000e+00
   2.1309739e-01  -8.2282609e-01  -1.0100000e+00
   2.1501770e-01  -8.2327948e-01  -1.0100000e+00
   2.1693801e-01  -8.2372422e-01  -1.0100000e+00
   2.1757255e-01  -8.2386932e-01  -1.0100000e+00
   2.1757255e-01  -8.2386932e-01  -1.0100000e+00
   2.1959178e-01  -8.2432496e-01  -1.0100000e+00
   2.1959178e-01  -8.2432496e-01  -1.0100000e+00
   2.2161100e-01  -8.2477157e-01  -1.0100000e+00
   2.2363022e-01  -8.2520936e-01  -1.0100000e+00
   2.2413523e-01  -8.2531750e-01  -1.0100000e+00
   2.2413523e-01  -8.2531750e-01  -1.0100000e+00
   2.2626036e-01  -8.2576673e-01  -1.0100000e+00
   2.2626036e-01  -8.2576673e-01  -1.0100000e+00
   2.2838549e-01  -8.2620672e-01  -1.0100000e+00
   2.3051062e-01  -8.2663771e-01  -1.0100000e+00
   2.3087927e-01  -8.2671158e-01  -1.0100000e+00
   2.3087927e-01  -8.2671158e-01  -1.0100000e+00
   2.3311830e-01  -8.2715458e-01  -1.0100000e+00
   2.3311830e-01  -8.2715458e-01  -1.0100000e+00
   2.3535732e-01  -8.2758813e-01  -1.0100000e+00
   2.3759635e-01  -8.2801245e-01  -1.0100000e+00
   2.3782096e-01  -8.2805452e-01  -1.0100000e+00
   2.3782096e-01  -8.2805452e-01  -1.0100000e+00
   2.4018306e-01  -8.2849150e-01  -1.0100000e+00
   2.4018306e-01  -8.2849150e-01  -1.0100000e+00
   2.4254517e-01  -8.2891875e-01  -1.0100000e+00
   2.4490728e-01  -8.2933653e-01  -1.0100000e+00
   2.4497912e-01  -8.2934909e-01  -1.0100000e+00
   2.4497912e-01  -8.2934909e-01  -1.0100000e+00
   2.4747497e-01  -8.2978022e-01  -1.0100000e+00
   2.4747497e-01  -8.2978022e-01  -1.0100000e+00
   2.4997083e-01  -8.3027889e-01  -1.0100000e+00
   2.5246668e-01  -8.3076614e-01  -1.0100000e+00
   2.5745838e-01  -8.3170755e-01  -1.0100000e+00
   2.6495533e-01  -8.3304256e-01  -1.0100000e+00
   2.6495533e-01  -8.3304256e-01  -1.0100000e+00
   2.6799665e-01  -8.3355848e-01  -1.0100000e+00
   2.6799665e-01  -8.3355848e-01  -1.0100000e+00
   2.7103797e-01  -8.3406022e-01  -1.0100000e+00
   2.7407930e-01  -8.3454817e-01  -1.0100000e+00
   2.8016194e-01  -8.3548426e-01  -1.0100000e+00
   2.8495392e-01  -8.3618583e-01  -1.0100000e+00
   2.8495392e-01  -8.3618583e-01  -1.0100000e+00
   2.8836428e-01  -8.3666667e-01  -1.0100000e+00
   2.8836428e-01  -8.3666667e-01  -1.0100000e+00
   2.9177465e-01  -8.3720807e-01  -1.0100000e+00
   2.9518501e-01  -8.3773286e-01  -1.0100000e+00
   3.0200574e-01  -8.3873436e-01  -1.0100000e+00
   3.1564719e-01  -8.4055641e-01  -1.0100000e+00
   3.3681881e-01  -8.4295159e-01  -1.0100000e+00
   3.3681881e-01  -8.4295159e-01  -1.0100000e+00
   3.4219409e-01  -8.4348315e-01  -1.0100000e+00
   3.4219409e-01  -8.4348315e-01  -1.0100000e+00
   3.4266920e-01  -8.4353525e-01  -1.0100000e+00
   3.4266920e-01  -8.4353525e-01  -1.0100000e+00
   3.4267742e-01  -8.4353615e-01  -1.0100000e+00
   3.4267742e-01  -8.4353615e-01  -1.0100000e+00
   3.4277774e-01  -8.4354712e-01  -1.0100000e+00
   3.4287806e-01  -8.4355808e-01  -1.0100000e+00
   3.4307871e-01  -8.4357996e-01  -1.0100000e+00
   3.4348001e-01  -8.4362358e-01  -1.0100000e+00
   3.4428260e-01  -8.4371028e-01  -1.0100000e+00
   3.4588778e-01  -8.4388150e-01  -1.0100000e+00
   3.4909815e-01  -8.4421533e-01  -1.0100000e+00
   3.5551888e-01  -8.4484921e-01  -1.0100000e+00
   3.5903358e-01  -8.4517755e-01  -1.0100000e+00
   3.5903358e-01  -8.4517755e-01  -1.0100000e+00
   3.5932531e-01  -8.4520422e-01  -1.0100000e+00
   3.5932531e-01  -8.4520422e-01  -1.0100000e+00
   3.5961704e-01  -8.4523080e-01  -1.0100000e+00
   3.5990877e-01  -8.4525730e-01  -1.0100000e+00
   3.6049223e-01  -8.4531002e-01  -1.0100000e+00
   3.6165915e-01  -8.4541441e-01  -1.0100000e+00
   3.6399299e-01  -8.4561899e-01  -1.0100000e+00
   3.6866067e-01  -8.4601156e-01  -1.0100000e+00
   3.7799604e-01  -8.4673199e-01  -1.0100000e+00
   3.8838558e-01  -8.4743579e-01  -1.0100000e+00
   3.8838558e-01  -8.4743579e-01  -1.0100000e+00
   3.8856398e-01  -8.4723597e-01  -1.0100000e+00
   3.8856398e-01  -8.4723597e-01  -1.0100000e+00
   3.8874239e-01  -8.4703537e-01  -1.0100000e+00
   3.8892079e-01  -8.4683400e-01  -1.0100000e+00
   3.8927760e-01  -8.4642892e-01  -1.0100000e+00
   3.8999121e-01  -8.4560923e-01  -1.0100000e+00
   3.9141843e-01  -8.4393078e-01  -1.0100000e+00
   3.9179156e-01  -8.4348315e-01  -1.0100000e+00
   3.9179156e-01  -8.4348315e-01  -1.0100000e+00
   3.9248986e-01  -8.4274139e-01  -1.0100000e+00
   3.9248986e-01  -8.4274139e-01  -1.0100000e+00
   3.9318815e-01  -8.4198747e-01  -1.0100000e+00
   3.9388645e-01  -8.4122111e-01  -1.0100000e+00
   3.9528304e-01  -8.3964987e-01  -1.0100000e+00
   3.9781207e-01  -8.3666667e-01  -1.0100000e+00
   3.9781207e-01  -8.3666667e-01  -1.0100000e+00
   3.9793384e-01  -8.3653897e-01  -1.0100000e+00
   3.9793384e-01  -8.3653897e-01  -1.0100000e+00
   3.9794534e-01  -8.3652689e-01  -1.0100000e+00
   3.9794534e-01  -8.3652689e-01  -1.0100000e+00
   3.9804566e-01  -8.3642136e-01  -1.0082086e+00
   3.9814599e-01  -8.3631555e-01  -1.0064267e+00
   3.9834664e-01  -8.3610312e-01  -1.0028911e+00
   3.9847404e-01  -8.3596767e-01  -1.0006653e+00
   3.9847404e-01  -8.3596767e-01  -1.0006653e+00
   3.9887534e-01  -8.3553811e-01  -9.9375036e-01
   3.9927664e-01  -8.3510408e-01  -9.8697668e-01
   4.0007923e-01  -8.3422235e-01  -9.7383429e-01
   4.0168441e-01  -8.3240218e-01  -9.4904865e-01
   4.0388200e-01  -8.2978022e-01  -9.1798500e-01
   4.0388200e-01  -8.2978022e-01  -9.1798500e-01
   4.0450736e-01  -8.2912530e-01  -9.0968610e-01
   4.0450736e-01  -8.2912530e-01  -9.0968610e-01
   4.0510210e-01  -8.2849150e-01  -9.0199742e-01
   4.0510210e-01  -8.2849150e-01  -9.0199742e-01
   4.0569685e-01  -8.2784675e-01  -8.9449923e-01
   4.0572010e-01  -8.2782133e-01  -8.9420996e-01
   4.0572010e-01  -8.2782133e-01  -8.9420996e-01
   4.0631484e-01  -8.2716493e-01  -8.8690140e-01
   4.0632414e-01  -8.2715458e-01  -8.8678857e-01
   4.0632414e-01  -8.2715458e-01  -8.8678857e-01
   4.0691889e-01  -8.2648649e-01  -8.7965765e-01
   4.0693476e-01  -8.2646851e-01  -8.7946970e-01
   4.0693476e-01  -8.2646851e-01  -8.7946970e-01
   4.0752951e-01  -8.2578829e-01  -8.7251105e-01
   4.0754819e-01  -8.2576673e-01  -8.7229510e-01
   4.0754819e-01  -8.2576673e-01  -8.7229510e-01
   4.0814294e-01  -8.2507401e-01  -8.6550253e-01
   4.0815142e-01  -8.2506403e-01  -8.6540676e-01
   4.0815142e-01  -8.2506403e-01  -8.6540676e-01
   4.0874617e-01  -8.2435868e-01  -8.5877107e-01
   4.0877434e-01  -8.2432496e-01  -8.5846055e-01
   4.0877434e-01  -8.2432496e-01  -8.5846055e-01
   4.0936909e-01  -8.2360622e-01  -8.5198051e-01
   4.0937017e-01  -8.2360490e-01  -8.5196880e-01
   4.0937017e-01  -8.2360490e-01  -8.5196880e-01
   4.0996492e-01  -8.2287300e-01  -8.4563194e-01
   4.1000267e-01  -8.2282609e-01  -8.4523440e-01
   4.1000267e-01  -8.2282609e-01  -8.4523440e-01
   4.1059110e-01  -8.2221664e-01  -8.3910888e-01
   4.1059110e-01  -8.2221664e-01  -8.3910888e-01
   4.1117952e-01  -8.2159559e-01  -8.3311294e-01
   4.1123309e-01  -8.2153846e-01  -8.3257336e-01
   4.1123309e-01  -8.2153846e-01  -8.3257336e-01
   4.1181409e-01  -8.2091247e-01  -8.2678675e-01
   4.1181409e-01  -8.2091247e-01  -8.2678675e-01
   4.1239510e-01  -8.2027449e-01  -8.2111741e-01
   4.1246548e-01  -8.2019637e-01  -8.2043837e-01
   4.1246548e-01  -8.2019637e-01  -8.2043837e-01
   4.1303905e-01  -8.1955299e-01  -8.1496602e-01
   4.1303905e-01  -8.1955299e-01  -8.1496602e-01
   4.1361261e-01  -8.1889723e-01  -8.0959999e-01
   4.1369993e-01  -8.1879630e-01  -8.0879219e-01
   4.1369993e-01  -8.1879630e-01  -8.0879219e-01
   4.1411189e-01  -8.1831606e-01  -8.0501284e-01
   4.1411189e-01  -8.1831606e-01  -8.0501284e-01
   4.1426605e-01  -8.1920923e-01  -8.0361187e-01
   4.1426605e-01  -8.1920923e-01  -8.0361187e-01
   4.1442021e-01  -8.2007972e-01  -8.0221806e-01
   4.1457437e-01  -8.2092835e-01  -8.0083135e-01
   4.1467552e-01  -8.2147368e-01  -7.9992529e-01
   4.1467552e-01  -8.2147368e-01  -7.9992529e-01
   4.1493373e-01  -8.2282609e-01  -7.9762600e-01
   4.1493373e-01  -8.2282609e-01  -7.9762600e-01
   4.1519194e-01  -8.2440000e-01  -7.9534605e-01
   4.1545015e-01  -8.2591378e-01  -7.9308516e-01
   4.1549241e-01  -8.2615600e-01  -7.9271697e-01
   4.1549241e-01  -8.2615600e-01  -7.9271697e-01
   4.1600883e-01  -8.2899846e-01  -7.8825736e-01
   4.1615787e-01  -8.2978022e-01  -7.8698397e-01
   4.1615787e-01  -8.2978022e-01  -7.8698397e-01
   4.1667429e-01  -8.3284525e-01  -7.8261793e-01
   4.1670916e-01  -8.3304466e-01  -7.8232568e-01
   4.1670916e-01  -8.3304466e-01  -7.8232568e-01
   4.1722558e-01  -8.3589368e-01  -7.7803464e-01
   4.1737186e-01  -8.3666667e-01  -7.7683169e-01
   4.1737186e-01  -8.3666667e-01  -7.7683169e-01
   4.1788828e-01  -8.3971054e-01  -7.7262794e-01
   4.1791582e-01  -8.3986762e-01  -7.7240559e-01
   4.1791582e-01  -8.3986762e-01  -7.7240559e-01
   4.1843224e-01  -8.4271966e-01  -7.6827124e-01
   4.1857596e-01  -8.4348315e-01  -7.6713216e-01
   4.1857596e-01  -8.4348315e-01  -7.6713216e-01
   4.1909238e-01  -8.4650652e-01  -7.6307944e-01
   4.1911266e-01  -8.4662179e-01  -7.6292156e-01
   4.1911266e-01  -8.4662179e-01  -7.6292156e-01
   4.1953565e-01  -8.4896937e-01  -7.5965021e-01
   4.1953565e-01  -8.4896937e-01  -7.5965021e-01
   4.1995865e-01  -8.4898455e-01  -7.5641950e-01
   4.2017959e-01  -8.4899242e-01  -7.5474790e-01
   4.2017959e-01  -8.4899242e-01  -7.5474790e-01
   4.2060258e-01  -8.4900738e-01  -7.5157741e-01
   4.2102558e-01  -8.4902218e-01  -7.4844544e-01
   4.2187157e-01  -8.4905133e-01  -7.4229389e-01
   4.2215367e-01  -8.4906092e-01  -7.4027513e-01
   4.2215367e-01  -8.4906092e-01  -7.4027513e-01
   4.2266696e-01  -8.4907820e-01  -7.3664246e-01
   4.2266696e-01  -8.4907820e-01  -7.3664246e-01
   4.2318025e-01  -8.4909526e-01  -7.3306109e-01
   4.2369355e-01  -8.4911209e-01  -7.2952979e-01
   4.2472013e-01  -8.4914511e-01  -7.2261266e-01
   4.2677331e-01  -8.4920851e-01  -7.0932921e-01
   4.2811036e-01  -8.4924792e-01  -7.0104840e-01
   4.2811036e-01  -8.4924792e-01  -7.0104840e-01
   4.2858350e-01  -8.4926151e-01  -6.9818407e-01
   4.2858350e-01  -8.4926151e-01  -6.9818407e-01
   4.2905664e-01  -8.4927491e-01  -6.9535309e-01
   4.2952977e-01  -8.4928814e-01  -6.9255479e-01
   4.3047605e-01  -8.4931402e-01  -6.8705369e-01
   4.3236859e-01  -8.4936359e-01  -6.7641630e-01
   4.3406585e-01  -8.4940554e-01  -6.6726557e-01
   4.3406585e-01  -8.4940554e-01  -6.6726557e-01
   4.3449886e-01  -8.4941587e-01  -6.6498680e-01
   4.3449886e-01  -8.4941587e-01  -6.6498680e-01
   4.3493187e-01  -8.4942604e-01  -6.6272995e-01
   4.3536489e-01  -8.4943606e-01  -6.6049467e-01
   4.3623091e-01  -8.4945563e-01  -6.5608739e-01
   4.3796296e-01  -8.4949295e-01  -6.4751637e-01
   4.4002033e-01  -8.4953410e-01  -6.3773372e-01
   4.4002033e-01  -8.4953410e-01  -6.3773372e-01
   4.4041325e-01  -8.4954157e-01  -6.3591217e-01
   4.4041325e-01  -8.4954157e-01  -6.3591217e-01
   4.4080616e-01  -8.4954891e-01  -6.3410510e-01
   4.4119908e-01  -8.4955613e-01  -6.3231230e-01
   4.4198490e-01  -8.4957019e-01  -6.2876873e-01
   4.4355656e-01  -8.4959680e-01  -6.2184444e-01
   4.4597402e-01  -8.4963384e-01  -6.1159503e-01
   4.4597402e-01  -8.4963384e-01  -6.1159503e-01
   4.4612077e-01  -8.4963594e-01  -6.1098777e-01
   4.4612077e-01  -8.4963594e-01  -6.1098777e-01
   4.4626753e-01  -8.4963802e-01  -6.1038218e-01
   4.4632686e-01  -8.4963885e-01  -6.1013782e-01
   4.4632686e-01  -8.4963885e-01  -6.1013782e-01
   4.4647361e-01  -8.4964091e-01  -6.0953454e-01
   4.4662036e-01  -8.4964294e-01  -6.0893289e-01
   4.4691387e-01  -8.4964697e-01  -6.0773450e-01
   4.4750089e-01  -8.4965480e-01  -6.0535703e-01
   4.4867492e-01  -8.4966964e-01  -6.0067773e-01
   4.4993314e-01  -8.4968431e-01  -5.9577122e-01
   4.4993314e-01  -8.4968431e-01  -5.9577122e-01
   4.5046089e-01  -8.4969008e-01  -5.9374559e-01
   4.5046089e-01  -8.4969008e-01  -5.9374559e-01
   4.5098864e-01  -8.4969563e-01  -5.8491773e-01
   4.5151638e-01  -8.4970096e-01  -5.7599203e-01
   4.5192710e-01  -8.4970495e-01  -5.6897979e-01
   4.5192710e-01  -8.4970495e-01  -5.6897979e-01
   4.5223984e-01  -8.4970789e-01  -5.6360288e-01
   4.5223984e-01  -8.4970789e-01  -5.6360288e-01
   4.5255258e-01  -8.4971076e-01  -5.5819435e-01
   4.5286532e-01  -8.4971355e-01  -5.5275499e-01
   4.5349080e-01  -8.4971890e-01  -5.4178711e-01
   4.5474176e-01  -8.4972864e-01  -5.1952034e-01
   4.5724368e-01  -8.4974436e-01  -4.7390244e-01
   4.5787979e-01  -8.4974756e-01  -4.6213224e-01
   4.5787979e-01  -8.4974756e-01  -4.6213224e-01
   4.5815240e-01  -8.4974883e-01  -4.5707322e-01
   4.5815240e-01  -8.4974883e-01  -4.5707322e-01
   4.5842500e-01  -8.4975004e-01  -4.5200664e-01
   4.5869760e-01  -8.4975119e-01  -4.4693350e-01
   4.5924281e-01  -8.4975332e-01  -4.3677166e-01
   4.6033322e-01  -8.4975685e-01  -4.1641560e-01
   4.6251405e-01  -8.4976106e-01  -3.7582464e-01
   4.6383228e-01  -8.4976175e-01  -3.5157043e-01
   4.6383228e-01  -8.4976175e-01  -3.5157043e-01
   4.6406473e-01  -8.4916353e-01  -3.4732880e-01
   4.6406473e-01  -8.4916353e-01  -3.4732880e-01
   4.6429718e-01  -8.4856642e-01  -3.4309963e-01
   4.6452963e-01  -8.4797042e-01  -3.3888363e-01
   4.6499452e-01  -8.4678172e-01  -3.3049413e-01
   4.6592431e-01  -8.4441746e-01  -3.1390531e-01
   4.6778390e-01  -8.3974046e-01  -2.8164545e-01
   4.6983856e-01  -8.3465060e-01  -2.4775979e-01
   4.6983856e-01  -8.3465060e-01  -2.4775979e-01
   4.7003015e-01  -8.3413612e-01  -2.4470786e-01
   4.7003015e-01  -8.3413612e-01  -2.4470786e-01
   4.7022174e-01  -8.3362248e-01  -2.4167557e-01
   4.7041334e-01  -8.3310967e-01  -2.3866318e-01
   4.7079652e-01  -8.3208652e-01  -2.3269912e-01
   4.7156290e-01  -8.3005010e-01  -2.2102074e-01
   4.7309564e-01  -8.2601608e-01  -1.9871039e-01
   4.7595805e-01  -8.1861709e-01  -1.6101603e-01
   4.7595805e-01  -8.1861709e-01  -1.6101603e-01
   4.7610734e-01  -8.1824820e-01  -1.5919661e-01
   4.7610734e-01  -8.1824820e-01  -1.5919661e-01
   4.7625662e-01  -8.1787976e-01  -1.5739188e-01
   4.7640591e-01  -8.1751175e-01  -1.5560182e-01
   4.7670448e-01  -8.1677702e-01  -1.5206576e-01
   4.7730162e-01  -8.1531273e-01  -1.4516971e-01
   4.7849590e-01  -8.1240455e-01  -1.3207909e-01
   4.8088447e-01  -8.0666791e-01  -1.0864913e-01
   4.8217331e-01  -8.0361545e-01  -9.7473073e-02
   4.8217331e-01  -8.0361545e-01  -9.7473073e-02
   4.8219477e-01  -8.0356488e-01  -9.7295367e-02
   4.8219477e-01  -8.0356488e-01  -9.7295367e-02
   4.8229509e-01  -8.0330953e-01  -9.6468202e-02
   4.8230026e-01  -8.0329638e-01  -9.6425763e-02
   4.8230026e-01  -8.0329638e-01  -9.6425763e-02
   4.8240059e-01  -8.0304126e-01  -9.5604777e-02
   4.8250091e-01  -8.0278635e-01  -9.4789643e-02
   4.8270156e-01  -8.0227715e-01  -9.3176841e-02
   4.8310285e-01  -8.0126129e-01  -9.0020437e-02
   4.8390544e-01  -7.9923958e-01  -8.3978982e-02
   4.8551063e-01  -7.9523555e-01  -7.2935768e-02
   4.8855238e-01  -7.8778780e-01  -5.5469304e-02
   4.8855238e-01  -7.8778780e-01  -5.5469304e-02
   4.8861251e-01  -7.8763207e-01  -5.5165657e-02
   4.8861251e-01  -7.8763207e-01  -5.5165657e-02
   4.8871284e-01  -7.8737244e-01  -5.4662439e-02
   4.8881316e-01  -7.8711303e-01  -5.4163398e-02
   4.8901381e-01  -7.8659489e-01  -5.3177743e-02
   4.8941510e-01  -7.8556126e-01  -5.1255372e-02
   4.9021769e-01  -7.8350456e-01  -4.7600333e-02
   4.9182288e-01  -7.7943266e-01  -4.1001608e-02
   4.9503324e-01  -7.7144960e-01  -3.0289757e-02
   4.9504107e-01  -7.7143039e-01  -3.0267212e-02
   4.9504107e-01  -7.7143039e-01  -3.0267212e-02
   4.9505412e-01  -7.7139639e-01  -3.0229690e-02
   4.9505412e-01  -7.7139639e-01  -3.0229690e-02
   4.9515444e-01  -7.7113497e-01  -2.9942535e-02
   4.9525476e-01  -7.7087379e-01  -2.9657977e-02
   4.9545541e-01  -7.7035211e-01  -2.9096565e-02
   4.9585671e-01  -7.6931149e-01  -2.8003982e-02
   4.9665930e-01  -7.6724117e-01  -2.5935235e-02
   4.9826448e-01  -7.6314342e-01  -2.2228770e-02
   5.0147485e-01  -7.5511385e-01  -1.6289141e-02
   5.0163488e-01  -7.5471920e-01  -1.6037448e-02
   5.0163488e-01  -7.5471920e-01  -1.6037448e-02
   5.0167081e-01  -7.5463067e-01  -1.5981466e-02
   5.0167081e-01  -7.5463067e-01  -1.5981466e-02
   5.0177114e-01  -7.5436999e-01  -1.5826159e-02
   5.0187146e-01  -7.5410955e-01  -1.5672324e-02
   5.0207211e-01  -7.5358936e-01  -1.5369015e-02
   5.0247341e-01  -7.5255177e-01  -1.4779478e-02
   5.0327600e-01  -7.5048767e-01  -1.3665910e-02
   5.0488118e-01  -7.4640297e-01  -1.1679557e-02
   5.0809155e-01  -7.3840183e-01  -8.5197639e-03
   5.0836436e-01  -7.3773194e-01  -8.2938117e-03
   5.0836436e-01  -7.3773194e-01  -8.2938117e-03
   5.0845129e-01  -7.3751882e-01  -8.2230750e-03
   5.0845129e-01  -7.3751882e-01  -8.2230750e-03
   5.0855161e-01  -7.3726106e-01  -8.1421759e-03
   5.0865193e-01  -7.3700354e-01  -8.0620624e-03
   5.0885258e-01  -7.3648920e-01  -7.9041627e-03
   5.0925388e-01  -7.3546330e-01  -7.5974688e-03
   5.1005647e-01  -7.3342256e-01  -7.0189253e-03
   5.1125686e-01  -7.3039742e-01  -6.2340005e-03
   5.1125686e-01  -7.3039742e-01  -6.2340005e-03
   5.1149866e-01  -7.2979193e-01  -6.0867373e-03
   5.1149866e-01  -7.2979193e-01  -6.0867373e-03
   5.1174046e-01  -7.2698728e-01  -5.9429201e-03
   5.1198226e-01  -7.2414021e-01  -5.8024696e-03
   5.1246586e-01  -7.1831586e-01  -5.5313610e-03
   5.1248696e-01  -7.1805772e-01  -5.5198226e-03
   5.1248696e-01  -7.1805772e-01  -5.5198226e-03
   5.1260367e-01  -7.1662379e-01  -5.4564340e-03
   5.1260367e-01  -7.1662379e-01  -5.4564340e-03
   5.1272037e-01  -7.1522671e-01  -5.3937672e-03
   5.1283707e-01  -7.1381891e-01  -5.3318139e-03
   5.1307047e-01  -7.1097082e-01  -5.2100164e-03
   5.1353728e-01  -7.0514195e-01  -4.9746392e-03
   5.1390755e-01  -7.0038937e-01  -4.7954681e-03
   5.1390755e-01  -7.0038937e-01  -4.7954681e-03
   5.1403287e-01  -6.9875427e-01  -4.7362866e-03
   5.1403287e-01  -6.9875427e-01  -4.7362866e-03
   5.1415820e-01  -6.9715996e-01  -4.6778300e-03
   5.1428352e-01  -6.9555177e-01  -4.6200896e-03
   5.1453417e-01  -6.9229320e-01  -4.5067229e-03
   5.1503547e-01  -6.8560341e-01  -4.2882102e-03
   5.1536667e-01  -6.8105370e-01  -4.1496470e-03
   5.1536667e-01  -6.8105370e-01  -4.1496470e-03
   5.1550085e-01  -6.7918033e-01  -4.0947849e-03
   5.1550085e-01  -6.7918033e-01  -4.0947849e-03
   5.1563503e-01  -6.7739607e-01  -4.0406434e-03
   5.1576921e-01  -6.7559387e-01  -3.9872132e-03
   5.1603757e-01  -6.7193486e-01  -3.8824501e-03
   5.1657430e-01  -6.6439257e-01  -3.6810616e-03
   5.1687019e-01  -6.6010282e-01  -3.5745157e-03
   5.1687019e-01  -6.6010282e-01  -3.5745157e-03
   5.1701349e-01  -6.5799060e-01  -3.5240202e-03
   5.1701349e-01  -6.5799060e-01  -3.5240202e-03
   5.1715680e-01  -6.5592618e-01  -3.4742342e-03
   5.1730011e-01  -6.5383834e-01  -3.4251478e-03
   5.1758672e-01  -6.4959125e-01  -3.3290346e-03
   5.1815995e-01  -6.4080311e-01  -3.1447837e-03
   5.1842600e-01  -6.3658682e-01  -3.0627501e-03
   5.1842600e-01  -6.3658682e-01  -3.0627501e-03
   5.1857875e-01  -6.3412564e-01  -3.0166175e-03
   5.1857875e-01  -6.3412564e-01  -3.0166175e-03
   5.1873150e-01  -6.3171440e-01  -2.9711766e-03
   5.1888425e-01  -6.2927246e-01  -2.9264170e-03
   5.1918976e-01  -6.2429485e-01  -2.8389014e-03
   5.1980076e-01  -6.1395302e-01  -2.6716106e-03
   5.2004587e-01  -6.0965460e-01  -2.6072917e-03
   5.2004587e-01  -6.0965460e-01  -2.6072917e-03
   5.2020845e-01  -6.0675487e-01  -2.5654821e-03
   5.2020845e-01  -6.0675487e-01  -2.5654821e-03
   5.2037104e-01  -6.0381580e-01  -2.5243403e-03
   5.2053362e-01  -6.0083688e-01  -2.4838557e-03
   5.2085878e-01  -5.9475747e-01  -2.4048165e-03
   5.2150912e-01  -5.8209858e-01  -2.2541767e-03
   5.2174836e-01  -5.7726909e-01  -2.2011582e-03
   5.2174836e-01  -5.7726909e-01  -2.2011582e-03
   5.2192127e-01  -5.7371926e-01  -2.1636131e-03
   5.2192127e-01  -5.7371926e-01  -2.1636131e-03
   5.2209419e-01  -5.7011916e-01  -2.1267063e-03
   5.2226711e-01  -5.6646824e-01  -2.0904270e-03
   5.2261294e-01  -5.5901191e-01  -2.0197085e-03
   5.2330460e-01  -5.4346796e-01  -1.8853465e-03
   5.2356379e-01  -5.3742206e-01  -1.8373263e-03
   5.2356379e-01  -5.3742206e-01  -1.8373263e-03
   5.2374772e-01  -5.3305714e-01  -1.8039893e-03
   5.2374772e-01  -5.3305714e-01  -1.8039893e-03
   5.2393166e-01  -5.2863012e-01  -1.7712554e-03
   5.2411559e-01  -5.2414067e-01  -1.7391138e-03
   5.2448347e-01  -5.1497337e-01  -1.6765653e-03
   5.2521921e-01  -4.9588066e-01  -1.5581196e-03
   5.2554304e-01  -4.8715664e-01  -1.5086690e-03
   5.2554304e-01  -4.8715664e-01  -1.5086690e-03
   5.2573899e-01  -4.8178295e-01  -1.4795098e-03
   5.2573899e-01  -4.8178295e-01  -1.4795098e-03
   5.2593494e-01  -4.7633825e-01  -1.4509128e-03
   5.2613088e-01  -4.7082304e-01  -1.4228673e-03
   5.2652278e-01  -4.5958358e-01  -1.3683887e-03
   5.2730658e-01  -4.3629348e-01  -1.2655968e-03
   5.2778164e-01  -4.2167791e-01  -1.2070843e-03
   5.2778164e-01  -4.2167791e-01  -1.2070843e-03
   5.2799117e-01  -4.1511887e-01  -1.1821413e-03
   5.2799117e-01  -4.1511887e-01  -1.1821413e-03
   5.2820071e-01  -4.0849442e-01  -1.1577128e-03
   5.2841025e-01  -4.0180721e-01  -1.1337881e-03
   5.2882932e-01  -3.8825639e-01  -1.0874094e-03
   5.2966747e-01  -3.6054501e-01  -1.0002569e-03
   5.3049472e-01  -3.3260809e-01  -9.2107946e-04
   5.3049472e-01  -3.3260809e-01  -9.2107946e-04
   5.3072073e-01  -3.2491259e-01  -9.0055822e-04
   5.3072073e-01  -3.2491259e-01  -9.0055822e-04
   5.3094673e-01  -3.1717811e-01  -8.8049358e-04
   5.3117274e-01  -3.0944119e-01  -8.6087536e-04
   5.3162475e-01  -2.9398841e-01  -8.2293884e-04
   5.3252877e-01  -2.6337251e-01  -7.5200151e-04
   5.3433681e-01  -2.0496246e-01  -6.2792643e-04
   5.3437325e-01  -2.0384280e-01  -6.2564815e-04
   5.3437325e-01  -2.0384280e-01  -6.2564815e-04
   5.3462278e-01  -1.9625132e-01  -6.1026908e-04
   5.3462278e-01  -1.9625132e-01  -6.1026908e-04
   5.3487230e-01  -1.8879740e-01  -5.9526791e-04
   5.3512183e-01  -1.8148768e-01  -5.8063515e-04
   5.3562087e-01  -1.6732739e-01  -5.5243895e-04
   5.3661897e-01  -1.4099530e-01  -5.0008456e-04
   5.3861517e-01  -9.6963931e-02  -4.0978103e-04
   5.4260757e-01  -4.1596489e-02  -2.7512997e-04
   5.5059236e-01  -7.0154417e-03  -1.2403108e-04
   5.6401213e-01  -1.1893581e-02  -3.2849200e-05
   5.7110341e-01  -2.2691694e-03  -1.6184830e-05
   5.7819470e-01  -4.3390934e-04  -7.9741733e-06
   5.7872876e-01  -6.4980560e-06  -7.5438464e-06
   5.7872876e-01  -6.4980560e-06  -7.5438464e-06
   5.7937218e-01  -1.1564823e-18  -7.0523560e-06
   5.7937218e-01  -3.4694470e-18  -7.0523560e-06
   5.8001559e-01  -3.4694470e-18  -6.6135774e-06
   5.8065901e-01  -3.4694470e-18  -6.2020980e-06
   5.8194584e-01  -3.4694470e-18  -5.4543494e-06
   5.8451951e-01  -3.4694470e-18  -4.2184362e-06
   5.8966684e-01  -3.4694470e-18  -2.5233233e-06
   5.9996150e-01  -3.4694470e-18  -9.0418994e-07
   6.0006791e-01  -3.4694470e-18  -1.7054691e-14
   6.0006791e-01  -3.4694470e-18   9.5767178e-15
   6.0883985e-01  -3.4694470e-18   2.6609462e-02
   6.0883985e-01  -3.4694470e-18   2.6609462e-02
   6.1761179e-01  -3.4694470e-18   3.1369735e-02
   6.2638373e-01  -3.4694470e-18   3.3050550e-02
   6.4392761e-01  -3.4694470e-18   3.3751015e-02
   6.7901537e-01  -3.4694470e-18   3.3289702e-02
   7.4919089e-01  -3.4694470e-18   3.1853002e-02
   8.4460886e-01  -3.4694470e-18   2.9731293e-02
   8.4460886e-01  -3.4694470e-18   2.9731293e-02
   8.5325116e-01  -3.4694470e-18   1.9220502e-02
   8.5325116e-01  -3.4694470e-18   1.9220502e-02
   8.6189345e-01  -3.4694470e-18   1.3882231e-02
   8.7053574e-01  -3.4694470e-18   1.0064186e-02
   8.7546455e-01  -3.4694470e-18   8.3868184e-03
   8.7546455e-01  -3.4694470e-18   8.3868184e-03
   8.8517499e-01  -3.4694470e-18   9.7471595e-03
   8.8517499e-01  -3.4694470e-18   9.7471595e-03
   8.8631302e-01  -3.4694470e-18   9.9011743e-03
   8.8631302e-01   6.5342870e-14   9.9011743e-03
   8.8745106e-01   8.9960473e-03   1.0054069e-02
   8.8858910e-01   1.5746395e-02   1.0205849e-02
   8.9086517e-01   2.4354584e-02   1.0506082e-02
   8.9541732e-01   3.1564997e-02   1.1093372e-02
   8.9885243e-01   3.3565475e-02   1.1525071e-02
   8.9885243e-01   3.3565475e-02   1.1525071e-02
   9.0741126e-01   3.4588504e-02   1.2558656e-02
   9.0741126e-01   3.4588504e-02   1.2558656e-02
   9.0741126e-01   3.4588504e-02   1.2558656e-02
   9.1316764e-01   3.4641133e-02   1.3220888e-02
   9.1316764e-01   3.4641133e-02   1.3220888e-02
   9.1892403e-01   3.4574481e-02   1.3857384e-02
   9.1923364e-01   3.4569568e-02   1.3890901e-02
   9.1923364e-01   3.4569568e-02   1.3890901e-02
   9.2499002e-01   3.4466869e-02   1.4500975e-02
   9.2572738e-01   3.4452707e-02   1.4577344e-02
   9.2572738e-01   3.4452707e-02   1.4577344e-02
   9.3148376e-01   3.4338469e-02   1.5159929e-02
   9.3171866e-01   3.4333717e-02   1.5183196e-02
   9.3171866e-01   3.4333717e-02   1.5183196e-02
   9.3747505e-01   3.4216200e-02   1.5741151e-02
   9.4052313e-01   3.4153511e-02   1.6027239e-02
   9.4052313e-01   3.4153511e-02   1.6027239e-02
   9.4627951e-01   3.4131601e-02   1.6550270e-02
   9.4872334e-01   3.4103717e-02   1.6765622e-02
   9.4872334e-01   3.4103717e-02   1.6765622e-02
   9.5308406e-01   3.3945505e-02   1.7140186e-02
   9.5308406e-01   3.3945505e-02   1.7140186e-02
   9.5744478e-01   3.3817268e-02   1.7502545e-02
   9.6123570e-01   3.3719536e-02   1.7807852e-02
   9.6123570e-01   3.3719536e-02   1.7807852e-02
   9.6559642e-01   3.3616284e-02   1.8148129e-02
   9.6841255e-01   3.3552888e-02   1.8361790e-02
   9.6841255e-01   3.3552888e-02   1.8361790e-02
   9.7277327e-01   3.3457924e-02   1.8683405e-02
   9.7713399e-01   3.3365489e-02   1.8994033e-02
   9.7876316e-01   3.3331401e-02   1.9107319e-02
   9.7876316e-01   3.3331401e-02   1.9107319e-02
   9.8097449e-01   3.3285423e-02   1.9258714e-02
   9.8097449e-01   3.3285423e-02   1.9258714e-02
   9.8318581e-01   3.3239716e-02   1.9407409e-02
   9.8539713e-01   3.3194234e-02   1.9553438e-02
   9.8981978e-01   3.3103800e-02   1.9837632e-02
   9.9126460e-01   3.3074383e-02   1.9928236e-02
   9.9126460e-01   3.3074383e-02   1.9928236e-02
   9.9685805e-01   3.2960941e-02   2.0268833e-02
   9.9685805e-01   3.2960941e-02   2.0268833e-02
   1.0024515e+00   3.2848059e-02   2.0593660e-02
   1.0080450e+00   3.2735625e-02   2.0903227e-02
   1.0094020e+00   3.2708408e-02   2.0976089e-02
   1.0094020e+00   3.2708408e-02   2.0976089e-02
   1.0094212e+00   3.2708023e-02   2.0977115e-02
   1.0094212e+00   3.2708023e-02   2.0977115e-02
   1.0094405e+00   3.2707637e-02   2.0978141e-02
   1.0094597e+00   3.2707252e-02   2.0979167e-02
   1.0094981e+00   3.2706481e-02   2.0981218e-02
   1.0095751e+00   3.2704939e-02   2.0985318e-02
   1.0097289e+00   3.2701855e-02   2.0993510e-02
   1.0100365e+00   3.2695689e-02   2.1009861e-02
   1.0106518e+00   3.2683359e-02   2.1042430e-02
   1.0118824e+00   3.2658713e-02   2.1107041e-02
   1.0143436e+00   3.2609470e-02   2.1234175e-02
   1.0192659e+00   3.2511179e-02   2.1480228e-02
   1.0218919e+00   3.2458848e-02   2.1607102e-02
   1.0218919e+00   3.2458848e-02   2.1607102e-02
   1.0258833e+00   3.2379436e-02   2.1794233e-02
   1.0258833e+00   3.2379436e-02   2.1794233e-02
   1.0298746e+00   3.2300172e-02   2.1974618e-02
   1.0338660e+00   3.2221061e-02   2.2148422e-02
   1.0384480e+00   3.2130432e-02   2.2340036e-02
   1.0384480e+00   3.2130432e-02   2.2340036e-02
   1.0406281e+00   3.2087379e-02   2.2428307e-02
   1.0406281e+00   3.2087379e-02   2.2428307e-02
   1.0428082e+00   3.2044369e-02   2.2514742e-02
   1.0449883e+00   3.2001403e-02   2.2599367e-02
   1.0493485e+00   3.1915602e-02   2.2763283e-02
   1.0531065e+00   3.1841793e-02   2.2898978e-02
   1.0531065e+00   3.1841793e-02   2.2898978e-02
   1.0555139e+00   3.1794579e-02   2.2983249e-02
   1.0555139e+00   3.1794579e-02   2.2983249e-02
   1.0579213e+00   3.1747417e-02   2.3065484e-02
   1.0603286e+00   3.1700307e-02   2.3145715e-02
   1.0651434e+00   3.1606247e-02   2.3300285e-02
   1.0680804e+00   3.1548974e-02   2.3390802e-02
   1.0680804e+00   3.1548974e-02   2.3390802e-02
   1.0724658e+00   3.1463603e-02   2.3520771e-02
   1.0724658e+00   3.1463603e-02   2.3520771e-02
   1.0768511e+00   3.1378405e-02   2.3644688e-02
   1.0812365e+00   3.1293381e-02   2.3762725e-02
   1.0849330e+00   3.1221847e-02   2.3857777e-02
   1.0849330e+00   3.1221847e-02   2.3857777e-02
   1.0857775e+00   3.1205524e-02   2.3878932e-02
   1.0857775e+00   3.1205524e-02   2.3878932e-02
   1.0866219e+00   3.1189206e-02   2.3899881e-02
   1.0874663e+00   3.1172895e-02   2.3920625e-02
   1.0891552e+00   3.1140292e-02   2.3961506e-02
   1.0925329e+00   3.1075164e-02   2.4040865e-02
   1.0983461e+00   3.0963318e-02   2.4170123e-02
   1.0983461e+00   3.0963318e-02   2.4170123e-02
   1.1049426e+00   3.0836769e-02   2.4305968e-02
   1.1049426e+00   3.0836769e-02   2.4305968e-02
   1.1115391e+00   3.0710612e-02   2.4430781e-02
   1.1167034e+00   3.0612118e-02   2.4521109e-02
   1.1167034e+00   3.0612118e-02   2.4521109e-02
   1.1173989e+00   3.0593056e-02   2.4532792e-02
   1.1173989e+00   3.0593056e-02   2.4532792e-02
   1.1180944e+00   3.0574219e-02   2.4544362e-02
   1.1187899e+00   3.0555599e-02   2.4555820e-02
   1.1201809e+00   3.0518976e-02   2.4578402e-02
   1.1229629e+00   3.0447983e-02   2.4622244e-02
   1.1285269e+00   3.0313552e-02   2.4704752e-02
   1.1292745e+00   3.0296137e-02   2.4715324e-02
   1.1292745e+00   3.0296137e-02   2.4715324e-02
   1.1306715e+00   3.0263956e-02   2.4734756e-02
   1.1306715e+00   3.0263956e-02   2.4734756e-02
   1.1320684e+00   2.8023705e-02   2.4753773e-02
   1.1334654e+00   2.5955497e-02   2.4772378e-02
   1.1362593e+00   2.2280025e-02   2.4808372e-02
   1.1402309e+00   1.7955233e-02   2.4856797e-02
   1.1402309e+00   1.7955233e-02   2.4856797e-02
   1.1432240e+00   1.5286275e-02   2.4891210e-02
   1.1432240e+00   1.5286275e-02   2.4891210e-02
   1.1462171e+00   1.3021128e-02   2.4923876e-02
   1.1492102e+00   1.1096658e-02   2.4954831e-02
   1.1526214e+00   9.2518555e-03   2.4988069e-02
   1.1526214e+00   9.2518555e-03   2.4988069e-02
   1.1534202e+00   8.8667588e-03   2.4995543e-02
   1.1534202e+00   8.8667588e-03   2.4995543e-02
   1.1542190e+00   9.0293443e-03   2.5002901e-02
   1.1550178e+00   9.1908116e-03   2.5010144e-02
   1.1566153e+00   9.5104159e-03   2.5024286e-02
   1.1598105e+00   1.0136474e-02   2.5051216e-02
   1.1658409e+00   1.1271479e-02   2.5097241e-02
   1.1658409e+00   1.1271479e-02   2.5097241e-02
   1.1722312e+00   1.2410113e-02   2.5139410e-02
   1.1786215e+00   1.3485638e-02   2.5175077e-02
   1.1802550e+00   1.3750779e-02   2.5183185e-02
   1.1802550e+00   1.3750779e-02   2.5183185e-02
   1.1928308e+00   1.5687894e-02   2.5232515e-02
   1.1928308e+00   1.5687894e-02   2.5232515e-02
   1.2054066e+00   1.7411964e-02   2.5260081e-02
   1.2179825e+00   1.8941690e-02   2.5267758e-02
   1.2431342e+00   2.1486012e-02   2.5230201e-02
   1.2617861e+00   2.2988099e-02   2.5162609e-02
   1.2617861e+00   2.2988099e-02   2.5162609e-02
   1.2739983e+00   2.3803755e-02   2.5102389e-02
   1.2739983e+00   2.3803755e-02   2.5102389e-02
   1.2862105e+00   2.4511912e-02   2.5030820e-02
   1.2984227e+00   2.5122632e-02   2.4948897e-02
   1.3228471e+00   2.6087552e-02   2.4757575e-02
   1.3474693e+00   2.6767167e-02   2.4532986e-02
   1.3474693e+00   2.6767167e-02   2.4532986e-02
   1.3600814e+00   2.7019353e-02   2.4407459e-02
   1.3600814e+00   2.7019353e-02   2.4407459e-02
   1.3726936e+00   2.7215106e-02   2.4275718e-02
   1.3853057e+00   2.7360252e-02   2.4138371e-02
   1.4105300e+00   2.7519209e-02   2.3849043e-02
   1.4166021e+00   2.7534510e-02   2.3776825e-02
   1.4166021e+00   2.7534510e-02   2.3776825e-02
   1.4286640e+00   2.7563338e-02   2.3630763e-02
   1.4286640e+00   2.7563338e-02   2.3630763e-02
   1.4407260e+00   2.7561650e-02   2.3481536e-02
   1.4527879e+00   2.7532558e-02   2.3329478e-02
   1.4533156e+00   2.7530705e-02   2.3322766e-02
   1.4533156e+00   2.7530705e-02   2.3322766e-02
   1.4653619e+00   2.7476089e-02   2.3168282e-02
   1.4653619e+00   2.7476089e-02   2.3168282e-02
   1.4774083e+00   2.7399599e-02   2.3011575e-02
   1.4894546e+00   2.7303547e-02   2.2852905e-02
   1.5135473e+00   2.7060983e-02   2.2530611e-02
   1.5362536e+00   2.6781477e-02   2.2222058e-02
   1.5362536e+00   2.6781477e-02   2.2222058e-02
   1.5489520e+00   2.6607579e-02   2.2047941e-02
   1.5489520e+00   2.6607579e-02   2.2047941e-02
   1.5616503e+00   2.6423037e-02   2.1872944e-02
   1.5743487e+00   2.6229248e-02   2.1697242e-02
   1.5997454e+00   2.5818793e-02   2.1344341e-02
   1.6441434e+00   2.5048832e-02   2.0725384e-02
   1.6441434e+00   2.5048832e-02   2.0725384e-02
   1.6562011e+00   2.4850357e-02   2.0557357e-02
   1.6562011e+00   2.4850357e-02   2.0557357e-02
   1.6682589e+00   2.4647174e-02   2.0389517e-02
   1.6803166e+00   2.4440006e-02   2.0221936e-02
   1.7044320e+00   2.4016245e-02   1.9887813e-02
   1.7526629e+00   2.3145553e-02   1.9225282e-02
   1.7588416e+00   2.3032858e-02   1.9141078e-02
   1.7588416e+00   2.3032858e-02   1.9141078e-02
   1.7716681e+00   2.2798620e-02   1.8966828e-02
   1.7716681e+00   2.2798620e-02   1.8966828e-02
   1.7844945e+00   2.2564243e-02   1.8793353e-02
   1.7973210e+00   2.2330066e-02   1.8620693e-02
   1.8229739e+00   2.1863396e-02   1.8277962e-02
   1.8629215e+00   2.1144698e-02   1.7751604e-02
   1.8629215e+00   2.1144698e-02   1.7751604e-02
   1.8750986e+00   2.0928239e-02   1.7593034e-02
   1.8750986e+00   2.0928239e-02   1.7593034e-02
   1.8872758e+00   2.0713211e-02   1.7435374e-02
   1.8994529e+00   2.0499707e-02   1.7278639e-02
   1.9117618e+00   2.0285526e-02   1.7121162e-02
   1.9117618e+00   2.0285526e-02   1.7121162e-02
   1.9239723e+00   2.0087652e-02   1.6965905e-02
   1.9239723e+00   2.0087652e-02   1.6965905e-02
   1.9361828e+00   1.9889652e-02   1.6811618e-02
   1.9483933e+00   1.9691778e-02   1.6658309e-02
   1.9728142e+00   1.9297295e-02   1.6354663e-02
   2.0216561e+00   1.8518268e-02   1.5759454e-02
   2.0322900e+00   1.8351073e-02   1.5632027e-02
   2.0322900e+00   1.8351073e-02   1.5632027e-02
   2.0452780e+00   1.8148252e-02   1.5477446e-02
   2.0452780e+00   1.8148252e-02   1.5477446e-02
   2.0582660e+00   1.7947055e-02   1.5324030e-02
   2.0712539e+00   1.7747561e-02   1.5171780e-02
   2.0972299e+00   1.7353953e-02   1.4870788e-02
   2.1299402e+00   1.6869040e-02   1.4498421e-02
   2.1299402e+00   1.6869040e-02   1.4498421e-02
   2.1423085e+00   1.6688917e-02   1.4359556e-02
   2.1423085e+00   1.6688917e-02   1.4359556e-02
   2.1546769e+00   1.6510602e-02   1.4221750e-02
   2.1670453e+00   1.6334108e-02   1.4085003e-02
   2.1917820e+00   1.5986619e-02   1.3814676e-02
   2.2412556e+00   1.5313695e-02   1.3286629e-02
   2.2566003e+00   1.5110900e-02   1.3126243e-02
   2.2566003e+00   1.5110900e-02   1.3126243e-02
   2.2690607e+00   1.4956176e-02   1.2997178e-02
   2.2690607e+00   1.4956176e-02   1.2997178e-02
   2.2815212e+00   1.4802028e-02   1.2869161e-02
   2.2939816e+00   1.4648599e-02   1.2742188e-02
   2.3189025e+00   1.4344356e-02   1.2491359e-02
   2.3687443e+00   1.3748771e-02   1.2002045e-02
   2.3871836e+00   1.3533399e-02   1.1825144e-02
   2.3871836e+00   1.3533399e-02   1.1825144e-02
   2.4003667e+00   1.3381206e-02   1.1700021e-02
   2.4003667e+00   1.3381206e-02   1.1700021e-02
   2.4135498e+00   1.3230557e-02   1.1576018e-02
   2.4267328e+00   1.3081459e-02   1.1453129e-02
   2.4530990e+00   1.2787997e-02   1.1210667e-02
   2.4766869e+00   1.2530870e-02   1.0997467e-02
   2.4766869e+00   1.2530870e-02   1.0997467e-02
   2.4893014e+00   1.2395473e-02   1.0884877e-02
   2.4893014e+00   1.2395473e-02   1.0884877e-02
   2.5019159e+00   1.2261550e-02   1.0773274e-02
   2.5145304e+00   1.2129097e-02   1.0662651e-02
   2.5397594e+00   1.1868582e-02   1.0444325e-02
   2.5902175e+00   1.1364893e-02   1.0019187e-02
   2.6911335e+00   1.0424307e-02   9.2136366e-03
   2.7481818e+00   9.9250134e-03   8.7837433e-03
   2.7481818e+00   9.9250134e-03   8.7837433e-03
   2.7609734e+00   9.8221548e-03   8.6897900e-03
   2.7609734e+00   9.8221548e-03   8.6897900e-03
   2.7737651e+00   9.7197199e-03   8.5967164e-03
   2.7865567e+00   9.6178566e-03   8.5045194e-03
   2.8121400e+00   9.4161364e-03   8.3227300e-03
   2.8633065e+00   9.0221897e-03   7.9693948e-03
   2.8915756e+00   8.8105638e-03   7.7799215e-03
   2.8915756e+00   8.8105638e-03   7.7799215e-03
   2.9050026e+00   8.7030370e-03   7.6913331e-03
   2.9050026e+00   8.7030370e-03   7.6913331e-03
   2.9184295e+00   8.5980875e-03   7.6036401e-03
   2.9318565e+00   8.4954212e-03   7.5168356e-03
   2.9587104e+00   8.2962679e-03   7.3458638e-03
   2.9717059e+00   8.2025772e-03   7.2643740e-03
   2.9717059e+00   8.2025772e-03   7.2643740e-03
   2.9846273e+00   8.1189387e-03   7.1841484e-03
   2.9846273e+00   8.1189387e-03   7.1841484e-03
   2.9975486e+00   8.0355094e-03   7.1047136e-03
   3.0104700e+00   7.9523929e-03   7.0260634e-03
   3.0363127e+00   7.7874306e-03   6.8710921e-03
   3.0879982e+00   7.4642579e-03   6.5702943e-03
   3.1913691e+00   6.8519119e-03   6.0039271e-03
   3.3981109e+00   5.7765662e-03   5.0016469e-03
   3.5966440e+00   4.3949563e-03   4.1862494e-03
   3.5966440e+00   4.3949563e-03   4.1862494e-03
   3.6128238e+00   4.5334231e-03   4.1254148e-03
   3.6128238e+00   4.5334231e-03   4.1254148e-03
   3.6290036e+00   4.5304684e-03   4.0653951e-03
   3.6451834e+00   4.5165599e-03   4.0061846e-03
   3.6775431e+00   4.4644768e-03   3.8901536e-03
   3.7422623e+00   4.3034140e-03   3.6673907e-03
   3.7617626e+00   4.2475439e-03   3.6026330e-03
   3.7617626e+00   4.2475439e-03   3.6026330e-03
   3.7755515e+00   4.2066739e-03   3.5574865e-03
   3.7755515e+00   4.2066739e-03   3.5574865e-03
   3.7893403e+00   4.1649187e-03   3.5128675e-03
   3.8031291e+00   4.1227200e-03   3.4687705e-03
   3.8307068e+00   4.0376150e-03   3.3821214e-03
   3.8314108e+00   4.0354369e-03   3.3799361e-03
   3.8314108e+00   4.0354369e-03   3.3799361e-03
   3.8447997e+00   3.9940149e-03   3.3386256e-03
   3.8447997e+00   3.9940149e-03   3.3386256e-03
   3.8581886e+00   3.9526447e-03   3.2977872e-03
   3.8715776e+00   3.9113965e-03   3.2574162e-03
   3.8983555e+00   3.8294794e-03   3.1780573e-03
   3.9519112e+00   3.6689749e-03   3.0247422e-03
   4.0590227e+00   3.3651239e-03   2.7387131e-03
   4.2732457e+00   2.8323019e-03   2.2414569e-03
   4.7016916e+00   2.4093788e-03   1.4924936e-03
   4.8612816e+00   1.8581127e-03   1.2805805e-03
   5.0208715e+00   1.5764452e-03   1.0978851e-03
   5.4281205e+00   2.7534969e-03   7.3898224e-04
   5.5558311e+00   1.2978170e-03   6.5222531e-04
   5.6835418e+00   9.6722994e-04   5.7547691e-04
   6.0064782e+00   1.6268243e-03   4.1882488e-04
   6.1694425e+00   9.0439424e-04   3.5658319e-04
   6.3324067e+00   6.3603433e-04   3.0349903e-04
   6.6353996e+00   1.6178734e-03   2.2475449e-04
   6.7945866e+00   7.2612246e-04   1.9188703e-04
   6.9537735e+00   4.3753716e-04   1.6379843e-04
   7.2361607e+00   1.1976695e-03   1.2365915e-04
   7.4096443e+00   6.6156811e-04   1.0402690e-04
   7.5831280e+00   4.0073093e-04   8.7501493e-05
   7.8412431e+00   1.2298483e-03   6.7632898e-05
   8.0161410e+00   6.7131895e-04   5.6796428e-05
   8.1910390e+00   3.8510085e-04   4.7693103e-05
   8.4287363e+00   9.4892845e-04   3.7610735e-05
   8.6134994e+00   6.7179693e-04   3.1268917e-05
   8.7982625e+00   4.7587508e-04   2.5995369e-05
   9.0181982e+00   8.7328930e-04   2.0863604e-05
   9.2437258e+00   2.1066299e-03   1.6650859e-05
   9.3904879e+00   5.1650994e-04   1.4377587e-05
   9.5372500e+00   1.5099127e-04   1.2414524e-05
   9.7557425e+00   2.4069011e-04   9.9771147e-06
   1.0029556e+01   1.7479820e-03   7.5863723e-06
   1.0149004e+01   3.2322784e-04   6.7318019e-06
   1.0268452e+01   7.6099249e-05   5.9734722e-06
   1.0501125e+01   1.6624630e-04   4.7327954e-06
   1.0717219e+01   2.7882127e-04   3.8124907e-06
   1.0933314e+01   4.9012376e-04   3.0711200e-06
   1.1138302e+01   6.4164646e-04   2.5015504e-06
   1.1311115e+01   3.1040568e-04   2.1042807e-06
   1.1470247e+01   1.0365924e-04   1.7944986e-06
   1.1654850e+01   7.2509827e-05   1.4918020e-06
   1.1881310e+01   1.6126155e-04   1.1892865e-06
   1.2060642e+01   9.5437859e-05   9.9390235e-07
   1.2239974e+01   5.6961750e-05   8.3061619e-07
   1.2454338e+01   9.2207948e-05   6.7024055e-07
   1.2681610e+01   2.2055637e-04   5.3388820e-07
   1.2831463e+01   5.6871089e-05   4.5953500e-07
   1.2981316e+01   1.6189720e-05   3.9553662e-07
   1.3201397e+01   2.8917512e-05   3.1734412e-07
   1.3417254e+01   4.8901325e-05   2.5568788e-07
   1.3633111e+01   8.4831472e-05   2.0601062e-07
   1.3830796e+01   8.7054559e-05   1.6903126e-07
   1.3998042e+01   3.5370439e-05   1.4297980e-07
   1.4160406e+01   1.2891782e-05   1.2153574e-07
   1.4355029e+01   1.1939658e-05   1.0002581e-07
   1.4587086e+01   3.1398249e-05   7.9295739e-08
   1.4753190e+01   1.2481780e-05   6.7151183e-08
   1.4919293e+01   5.1603197e-06   5.6866625e-08
   1.5140956e+01   9.9737535e-06   4.5552548e-08
   1.5341456e+01   1.1009259e-05   3.7270582e-08
   1.5541957e+01   1.2189220e-05   3.0494369e-08
   1.5746090e+01   1.5068754e-05   2.4859596e-08
   1.5936732e+01   1.2435548e-05   2.0541499e-08
   1.6111877e+01   6.4095432e-06   1.7238757e-08
   1.6289724e+01   3.6154505e-06   1.4427984e-08
   1.6489449e+01   3.8946457e-06   1.1813966e-08
   1.6705735e+01   6.7938463e-06   9.5145458e-09
   1.6907174e+01   7.7701169e-06   7.7773805e-09
   1.7076849e+01   3.3869433e-06   6.5627331e-09
   1.7237098e+01   1.1640259e-06   5.5902701e-09
   1.7426595e+01   9.3237661e-07   4.6245422e-09
   1.7656359e+01   2.2826739e-06   3.6745392e-09
   1.7828773e+01   1.0936634e-06   3.0921704e-09
   1.8001188e+01   5.3613278e-07   2.6020999e-09
   1.8219712e+01   9.6220737e-07   2.0909485e-09
   1.8460317e+01   3.2514045e-06   1.6434826e-09
   1.8599200e+01   6.7552347e-07   1.4302123e-09
   1.8738082e+01   1.5967235e-07   1.2446175e-09
   1.8963726e+01   3.2476833e-07   9.9302520e-10
   1.9182429e+01   5.9416151e-07   7.9781451e-10
   1.9401132e+01   1.1158421e-06   6.4097869e-10
   1.9600939e+01   1.2165162e-06   5.2480497e-10
   1.9766580e+01   4.6925463e-07   4.4463398e-10
   1.9925043e+01   1.5295597e-07   3.7942630e-10
   2.0117680e+01   1.3390002e-07   3.1289477e-10
   2.0352661e+01   3.8081184e-07   2.4732330e-10
   2.0519004e+01   1.5184813e-07   2.0939405e-10
   2.0685348e+01   6.2686810e-08   1.7728159e-10
   2.0908855e+01   1.2843451e-07   1.4174806e-10
   2.1107973e+01   1.3633170e-07   1.1613720e-10
   2.1307090e+01   1.4497664e-07   9.5153676e-11
   2.1512777e+01   1.8768677e-07   7.7450573e-11
   2.1706407e+01   1.6957005e-07   6.3806351e-11
   2.1882179e+01   8.8742380e-08   5.3513760e-11
   2.2056985e+01   4.5514883e-08   4.4924825e-11
   2.2253037e+01   4.4088676e-08   3.6920995e-11
   2.2470062e+01   7.8600964e-08   2.9712842e-11
   2.2676859e+01   1.0544426e-07   2.4157978e-11
   2.2849812e+01   5.0505579e-08   2.0318293e-11
   2.3006899e+01   1.5748752e-08   1.7362398e-11
   2.3189156e+01   1.0238250e-08   1.4467461e-11
   2.3415632e+01   2.2969236e-08   1.1533356e-11
   2.3597141e+01   1.4413102e-08   9.6175230e-12
   2.3778651e+01   9.0931300e-09   8.0199339e-12
   2.3992276e+01   1.4558230e-08   6.4761874e-12
   2.4215824e+01   3.1368481e-08   5.1779158e-12
   2.4405492e+01   2.5098259e-08   4.2826858e-12
   2.4557857e+01   6.8276128e-09   3.6769838e-12
   2.4715323e+01   2.2439127e-09   3.1408678e-12
   2.4922065e+01   2.8818363e-09   2.5538175e-12
   2.5171901e+01   1.1956981e-08   1.9888393e-12
   2.5316318e+01   2.7662520e-09   1.7211907e-12
   2.5460736e+01   7.3214239e-10   1.4895610e-12
   2.5695434e+01   1.8386540e-09   1.1777362e-12
   2.5905355e+01   2.6424617e-09   9.5456730e-13
   2.6115276e+01   3.8491440e-09   7.7368662e-13
   2.6323650e+01   5.4015109e-09   6.2805253e-13
   2.6506181e+01   3.4695415e-09   5.2319002e-13
   2.6669642e+01   1.2711375e-09   4.4423398e-13
   2.6846423e+01   6.9945105e-10   3.7219855e-13
   2.7059897e+01   1.1085913e-09   3.0060000e-13
   2.7289873e+01   2.8384510e-09   2.3879809e-13
   2.7439079e+01   7.1653258e-10   2.0567362e-13
   2.7588286e+01   1.9703232e-10   1.7714395e-13
   2.7810030e+01   3.7360936e-10   1.4188816e-13
   2.8025234e+01   6.2473873e-10   1.1439538e-13
   2.8240438e+01   1.0638845e-09   9.2229712e-14
   2.8439288e+01   1.1266166e-09   7.5586064e-14
   2.8608173e+01   4.7804800e-10   6.3831712e-14
   2.8770667e+01   1.7264570e-10   5.4251146e-14
   2.8963382e+01   1.5151453e-10   4.4734830e-14
   2.9193437e+01   3.8131447e-10   3.5534763e-14
   2.9362514e+01   1.6427635e-10   3.0003002e-14
   2.9531591e+01   7.2557281e-11   2.5332379e-14
   2.9751228e+01   1.3541114e-10   2.0333481e-14
   2.9997554e+01   5.3424167e-10   1.5890841e-14
   3.0132264e+01   1.0377536e-10   1.3886595e-14
   3.0266973e+01   2.2509907e-11   1.2135137e-14
   3.0494075e+01   4.8748702e-11   9.6679775e-15
   3.0713303e+01   9.1474180e-11   7.7633461e-15
   3.0932532e+01   1.7527804e-10   6.2339349e-15
   3.1132992e+01   1.9508024e-10   5.1007385e-15
   3.1298539e+01   7.4690464e-11   4.3219367e-15
   3.1456176e+01   2.3493594e-11   3.6911514e-15
   3.1648086e+01   2.0142643e-11   3.0461350e-15
   3.1883350e+01   5.8522322e-11   2.4070906e-15
   3.2050235e+01   2.3535299e-11   2.0368389e-15
   3.2217119e+01   9.7099584e-12   1.7235383e-15
   3.2440680e+01   2.0285288e-11   1.3780055e-15
   3.2639237e+01   2.1226449e-11   1.1296629e-15
   3.2837794e+01   2.2237202e-11   9.2607626e-16
   3.3043713e+01   2.9059064e-11   7.5360654e-16
   3.3238238e+01   2.6988826e-11   6.2029067e-16
   3.3414466e+01   1.4274713e-11   5.1999395e-16
   3.3588612e+01   7.1345357e-12   4.3682412e-16
   3.3783457e+01   6.6773687e-12   3.5943303e-16
   3.4000259e+01   1.1897777e-11   2.8932482e-16
   3.4208459e+01   1.6668724e-11   2.3490498e-16
   3.4382743e+01   8.2890621e-12   1.9730591e-16
   3.4539412e+01   2.5221412e-12   1.6867257e-16
   3.4719605e+01   1.5333358e-12   1.4083944e-16
   3.4944529e+01   3.3455275e-12   1.1245066e-16
   3.5129016e+01   2.2905707e-12   9.3492205e-17
   3.5313503e+01   1.5715220e-12   7.7730021e-17
   3.5525191e+01   2.4067674e-12   6.2889662e-17
   3.5742991e+01   4.4377279e-12   5.0572392e-17
   3.5930673e+01   3.3385405e-12   4.1911989e-17
   3.6087784e+01   1.0180364e-12   3.5813780e-17
   3.6252228e+01   3.9254644e-13   3.0379132e-17
   3.6460976e+01   5.4264634e-13   2.4651536e-17
   3.6703661e+01   1.9298278e-12   1.9335786e-17
   3.6850368e+01   4.6051114e-13   1.6695370e-17
   3.6997075e+01   1.2034331e-13   1.4415518e-17
   3.7227073e+01   2.8285658e-13   1.1451506e-17
   3.7438643e+01   4.2951493e-13   9.2662535e-18
   3.7650214e+01   6.5990267e-13   7.4980056e-18
   3.7855167e+01   8.3945801e-13   6.1075041e-18
   3.8033061e+01   4.6670406e-13   5.1114328e-18
   3.8196490e+01   1.7019163e-13   4.3401922e-18
   3.8378941e+01   1.1015818e-13   3.6158217e-18
   3.8597956e+01   2.0618253e-13   2.9041091e-18
   3.8824839e+01   4.9029434e-13   2.3141903e-18
   3.8970415e+01   1.1333017e-13   2.0004378e-18
   3.9115991e+01   2.8218760e-14   1.7292232e-18
   3.9335067e+01   5.0758924e-14   1.3887710e-18
   3.9554492e+01   9.6048837e-14   1.1149576e-18
   3.9773917e+01   1.8529422e-13   8.9512987e-19
   3.9969725e+01   1.7904605e-13   7.3583196e-19
   4.0000000e+01   1.0838587e-13   7.1387107e-19
