   0.0000000e+00   0.0000000e+00   0.0000000e+00
   3.1554436e-30   3.7657064e-28   3.7657064e-28
   2.3257563e-19   2.7755576e-17   2.7755576e-17
   2.3257563e-19   2.7755576e-17   2.7755576e-17
   2.3398732e-19   2.7924046e-17   2.7924046e-17
   2.3398732e-19   2.7924046e-17   2.7924046e-17
   1.0047546e-05   1.1989678e-03   1.1990499e-03
   6.0285274e-05   7.1906638e-03   7.1935621e-03
   2.5191198e-04   3.0000000e-02   3.0047100e-02
   2.5191198e-04   3.0000000e-02   3.0047100e-02
   2.5344104e-04   3.0181730e-02   3.0229377e-02
   2.5344104e-04   3.0181730e-02   3.0229377e-02
   3.0241353e-04   3.6000000e-02   3.6066596e-02
   3.0241353e-04   3.6000000e-02   3.6066596e-02
   3.0424912e-04   3.6218000e-02   3.6285360e-02
   3.0424912e-04   3.6218000e-02   3.6285360e-02
   5.0478929e-04   6.0000000e-02   6.0173058e-02
   5.0478929e-04   6.0000000e-02   6.0173058e-02
   5.0785326e-04   6.0362839e-02   6.0537827e-02
   5.0785326e-04   6.0362839e-02   6.0537827e-02
   6.0618938e-04   7.2000000e-02   7.2241353e-02
   6.0618938e-04   7.2000000e-02   7.2241353e-02
   6.0986883e-04   7.2435135e-02   7.2679130e-02
   6.0986883e-04   7.2435135e-02   7.2679130e-02
   7.5854823e-04   9.0000000e-02   9.0360188e-02
   7.5854823e-04   9.0000000e-02   9.0360188e-02
   7.6315246e-04   9.0543386e-02   9.0907445e-02
   7.6315246e-04   9.0543386e-02   9.0907445e-02
   9.1121283e-04   1.0800000e-01   1.0849603e-01
   9.1121283e-04   1.0800000e-01   1.0849603e-01
   9.1674371e-04   1.0865146e-01   1.0915267e-01
   9.1674371e-04   1.0865146e-01   1.0915267e-01
   1.0131589e-03   1.2000000e-01   1.2059464e-01
   1.0131589e-03   1.2000000e-01   1.2059464e-01
   1.0193086e-03   1.2072335e-01   1.2132412e-01
   1.0193086e-03   1.2072335e-01   1.2132412e-01
   1.2174691e-03   1.4400000e-01   1.4480790e-01
   1.2174691e-03   1.4400000e-01   1.4480790e-01
   1.2248589e-03   1.4486685e-01   1.4568275e-01
   1.2248589e-03   1.4486685e-01   1.4568275e-01
   1.2686345e-03   1.5000000e-01   1.5086376e-01
   1.2686345e-03   1.5000000e-01   1.5086376e-01
   1.2763348e-03   1.5090261e-01   1.5177487e-01
   1.2763348e-03   1.5090261e-01   1.5177487e-01
   1.5250302e-03   1.8000000e-01   1.8115367e-01
   1.5250302e-03   1.8000000e-01   1.8115367e-01
   1.5342868e-03   1.8108100e-01   1.8224523e-01
   1.5342868e-03   1.8108100e-01   1.8224523e-01
   1.7824453e-03   2.1000000e-01   2.1144515e-01
   1.7824453e-03   2.1000000e-01   2.1144515e-01
   1.7932643e-03   2.1125808e-01   2.1271506e-01
   1.7932643e-03   2.1125808e-01   2.1271506e-01
   1.8340614e-03   2.1600000e-01   2.1750100e-01
   1.8340614e-03   2.1600000e-01   2.1750100e-01
   1.8451938e-03   2.1729335e-01   2.1880618e-01
   1.8451938e-03   2.1729335e-01   2.1880618e-01
   2.0410354e-03   2.4000000e-01   2.4170648e-01
   2.0410354e-03   2.4000000e-01   2.4170648e-01
   2.0534241e-03   2.4143339e-01   2.4315078e-01
   2.0534241e-03   2.4143339e-01   2.4315078e-01
   2.1448502e-03   2.5200000e-01   2.5379059e-01
   2.1448502e-03   2.5200000e-01   2.5379059e-01
   2.1578690e-03   2.5350296e-01   2.5530277e-01
   2.1578690e-03   2.5350296e-01   2.5530277e-01
   2.1968477e-03   2.5800000e-01   2.5982555e-01
   2.1968477e-03   2.5800000e-01   2.5982555e-01
   2.2101821e-03   2.5953743e-01   2.6137109e-01
   2.2101821e-03   2.5953743e-01   2.6137109e-01
   2.2489110e-03   2.6400000e-01   2.6585476e-01
   2.2489110e-03   2.6400000e-01   2.6585476e-01
   2.2625614e-03   2.6557189e-01   2.6743316e-01
   2.2625614e-03   2.6557189e-01   2.6743316e-01
   2.3010390e-03   2.7000000e-01   2.7187654e-01
   2.3010390e-03   2.7000000e-01   2.7187654e-01
   2.3150059e-03   2.7160636e-01   2.7348723e-01
   2.3150059e-03   2.7160636e-01   2.7348723e-01
   2.3532303e-03   2.7600000e-01   2.7788892e-01
   2.3532303e-03   2.7600000e-01   2.7788892e-01
   2.3675140e-03   2.7764083e-01   2.7953120e-01
   2.3675140e-03   2.7764083e-01   2.7953120e-01
   2.4054829e-03   2.8200000e-01   2.8388951e-01
   2.4054829e-03   2.8200000e-01   2.8388951e-01
   2.4200837e-03   2.8367535e-01   2.8556255e-01
   2.4200837e-03   2.8367535e-01   2.8556255e-01
   2.4577936e-03   2.8800000e-01   2.8987542e-01
   2.4577936e-03   2.8800000e-01   2.8987542e-01
   2.4727120e-03   2.8970992e-01   2.9157819e-01
   2.4727120e-03   2.8970992e-01   2.9157819e-01
   2.5101621e-03   2.9400000e-01   2.9584348e-01
   2.5101621e-03   2.9400000e-01   2.9584348e-01
   2.5253983e-03   2.9574440e-01   2.9757473e-01
   2.5253983e-03   2.9574440e-01   2.9757473e-01
   2.5462705e-03   2.9813321e-01   2.9994234e-01
   2.5462705e-03   2.9813321e-01   2.9994234e-01
   2.5467793e-03   2.9819144e-01   3.0000000e-01
   2.5467793e-03   2.9819144e-01   3.0000000e-01
   2.5617227e-03   2.9990108e-01   3.0169329e-01
   2.5617227e-03   2.9990108e-01   3.0169329e-01
   2.5620803e-03   2.9994198e-01   3.0173380e-01
   2.5620803e-03   2.9994198e-01   3.0173380e-01
   2.5622378e-03   2.9996000e-01   3.0175165e-01
   2.5622378e-03   2.9996000e-01   3.0175165e-01
   2.5625875e-03   3.0000000e-01   3.0179128e-01
   2.5625875e-03   3.0000000e-01   3.0179128e-01
   2.5776285e-03   3.0172050e-01   3.0349562e-01
   2.5776285e-03   3.0172050e-01   3.0349562e-01
   2.5781419e-03   3.0177923e-01   3.0355380e-01
   2.5781419e-03   3.0177923e-01   3.0355380e-01
   2.8248996e-03   3.3000000e-01   3.3151473e-01
   2.8248996e-03   3.3000000e-01   3.3151473e-01
   2.8420462e-03   3.3196065e-01   3.3345767e-01
   2.8420462e-03   3.3196065e-01   3.3345767e-01
   3.0873054e-03   3.6000000e-01   3.6124880e-01
   3.0873054e-03   3.6000000e-01   3.6124880e-01
   3.1060447e-03   3.6214201e-01   3.6337222e-01
   3.1060447e-03   3.6214201e-01   3.6337222e-01
   3.3498039e-03   3.9000000e-01   3.9099339e-01
   3.3498039e-03   3.9000000e-01   3.9099339e-01
   3.3701365e-03   3.9232331e-01   3.9329735e-01
   3.3701365e-03   3.9232331e-01   3.9329735e-01
   3.6123943e-03   4.2000000e-01   4.2074838e-01
   3.6123943e-03   4.2000000e-01   4.2074838e-01
   3.6343208e-03   4.2250456e-01   4.2323294e-01
   3.6343208e-03   4.2250456e-01   4.2323294e-01
   3.8750755e-03   4.5000000e-01   4.5051367e-01
   3.8750755e-03   4.5000000e-01   4.5051367e-01
   3.8985965e-03   4.5268576e-01   4.5317890e-01
   3.8985965e-03   4.5268576e-01   4.5317890e-01
   4.1378466e-03   4.8000000e-01   4.8028914e-01
   4.1378466e-03   4.8000000e-01   4.8028914e-01
   4.1629626e-03   4.8286690e-01   4.8313510e-01
   4.1629626e-03   4.8286690e-01   4.8313510e-01
   4.4007066e-03   5.1000000e-01   5.1007467e-01
   4.4007066e-03   5.1000000e-01   5.1007467e-01
   4.4274180e-03   5.1304800e-01   5.1310143e-01
   4.4274180e-03   5.1304800e-01   5.1310143e-01
   4.6636543e-03   5.4000000e-01   5.3987015e-01
   4.6636543e-03   5.4000000e-01   5.3987015e-01
   4.6919617e-03   5.4322904e-01   5.4307776e-01
   4.6919617e-03   5.4322904e-01   5.4307776e-01
   4.9266885e-03   5.7000000e-01   5.6967544e-01
   4.9266885e-03   5.7000000e-01   5.6967544e-01
   4.9565925e-03   5.7341005e-01   5.7306396e-01
   4.9565925e-03   5.7341005e-01   5.7306396e-01
   5.1898082e-03   6.0000000e-01   5.9949040e-01
   5.1898082e-03   6.0000000e-01   5.9949040e-01
   5.2213093e-03   6.0359101e-01   6.0305990e-01
   5.2213093e-03   6.0359101e-01   6.0305990e-01
   5.4530120e-03   6.3000000e-01   6.2931490e-01
   5.4530120e-03   6.3000000e-01   6.2931490e-01
   5.4861107e-03   6.3377193e-01   6.3306542e-01
   5.4861107e-03   6.3377193e-01   6.3306542e-01
   5.7162986e-03   6.6000000e-01   6.5914879e-01
   5.7162986e-03   6.6000000e-01   6.5914879e-01
   5.7509954e-03   6.6395281e-01   6.6308040e-01
   5.7509954e-03   6.6395281e-01   6.6308040e-01
   5.9796668e-03   6.9000000e-01   6.8899192e-01
   5.9796668e-03   6.9000000e-01   6.8899192e-01
   6.0159622e-03   6.9413366e-01   6.9310467e-01
   6.0159622e-03   6.9413366e-01   6.9310467e-01
   6.2431151e-03   7.2000000e-01   7.1884412e-01
   6.2431151e-03   7.2000000e-01   7.1884412e-01
   6.2810096e-03   7.2431447e-01   7.2313807e-01
   6.2810096e-03   7.2431447e-01   7.2313807e-01
   6.5066421e-03   7.5000000e-01   7.4870524e-01
   6.5066421e-03   7.5000000e-01   7.4870524e-01
   6.5461361e-03   7.5449526e-01   7.5318044e-01
   6.5461361e-03   7.5449526e-01   7.5318044e-01
   6.7702462e-03   7.8000000e-01   7.7857510e-01
   6.7702462e-03   7.8000000e-01   7.7857510e-01
   6.8113403e-03   7.8467602e-01   7.8323160e-01
   6.8113403e-03   7.8467602e-01   7.8323160e-01
   7.0339258e-03   8.1000000e-01   8.0845351e-01
   7.0339258e-03   8.1000000e-01   8.0845351e-01
   7.0766204e-03   8.1485675e-01   8.1329137e-01
   7.0766204e-03   8.1485675e-01   8.1329137e-01
   7.2976793e-03   8.4000000e-01   8.3834030e-01
   7.2976793e-03   8.4000000e-01   8.3834030e-01
   7.3419748e-03   8.4503747e-01   8.4335957e-01
   7.3419748e-03   8.4503747e-01   8.4335957e-01
   7.5615050e-03   8.7000000e-01   8.6823526e-01
   7.5615050e-03   8.7000000e-01   8.6823526e-01
   7.6074018e-03   8.7521818e-01   8.7343599e-01
   7.6074018e-03   8.7521818e-01   8.7343599e-01
   7.8254009e-03   9.0000000e-01   8.9813819e-01
   7.8254009e-03   9.0000000e-01   8.9813819e-01
   7.8728996e-03   9.0539887e-01   9.0352042e-01
   7.8728996e-03   9.0539887e-01   9.0352042e-01
   8.0893653e-03   9.3000000e-01   9.2804888e-01
   8.0893653e-03   9.3000000e-01   9.2804888e-01
   8.1384662e-03   9.3557956e-01   9.3361266e-01
   8.1384662e-03   9.3557956e-01   9.3361266e-01
   8.3533962e-03   9.6000000e-01   9.5796709e-01
   8.3533962e-03   9.6000000e-01   9.5796709e-01
   8.4040997e-03   9.6576024e-01   9.6371247e-01
   8.4040997e-03   9.6576024e-01   9.6371247e-01
   8.6174914e-03   9.9000000e-01   9.8789260e-01
   8.6174914e-03   9.9000000e-01   9.8789260e-01
   8.6697979e-03   9.9594093e-01   9.9381962e-01
   8.6697979e-03   9.9594093e-01   9.9381962e-01
   8.8816488e-03   1.0200000e+00   1.0178252e+00
   8.8816488e-03   1.0200000e+00   1.0178252e+00
   8.9355587e-03   1.0261216e+00   1.0239339e+00
   8.9355587e-03   1.0261216e+00   1.0239339e+00
   9.1458662e-03   1.0500000e+00   1.0477645e+00
   9.1458662e-03   1.0500000e+00   1.0477645e+00
   9.2013798e-03   1.0563023e+00   1.0540549e+00
   9.2013798e-03   1.0563023e+00   1.0540549e+00
   9.4101411e-03   1.0800000e+00   1.0777104e+00
   9.4101411e-03   1.0800000e+00   1.0777104e+00
   9.4672588e-03   1.0864831e+00   1.0841826e+00
   9.4672588e-03   1.0864831e+00   1.0841826e+00
   9.6744710e-03   1.1100000e+00   1.1076625e+00
   9.6744710e-03   1.1100000e+00   1.1076625e+00
   9.7331932e-03   1.1166638e+00   1.1143165e+00
   9.7331932e-03   1.1166638e+00   1.1143165e+00
   9.9388534e-03   1.1400000e+00   1.1376205e+00
   9.9388534e-03   1.1400000e+00   1.1376205e+00
   9.9991803e-03   1.1468446e+00   1.1444564e+00
   9.9991803e-03   1.1468446e+00   1.1444564e+00
   1.0203285e-02   1.1700000e+00   1.1675842e+00
   1.0203285e-02   1.1700000e+00   1.1675842e+00
   1.0265217e-02   1.1770254e+00   1.1746019e+00
   1.0265217e-02   1.1770254e+00   1.1746019e+00
   1.0467764e-02   1.2000000e+00   1.1975532e+00
   1.0467764e-02   1.2000000e+00   1.1975532e+00
   1.0531302e-02   1.2072063e+00   1.2047528e+00
   1.0531302e-02   1.2072063e+00   1.2047528e+00
   1.0732287e-02   1.2300000e+00   1.2275271e+00
   1.0732287e-02   1.2300000e+00   1.2275271e+00
   1.0797430e-02   1.2373873e+00   1.2349087e+00
   1.0797430e-02   1.2373873e+00   1.2349087e+00
   1.0996850e-02   1.2600000e+00   1.2575057e+00
   1.0996850e-02   1.2600000e+00   1.2575057e+00
   1.1063599e-02   1.2675683e+00   1.2650692e+00
   1.1063599e-02   1.2675683e+00   1.2650692e+00
   1.1261450e-02   1.2900000e+00   1.2874884e+00
   1.1261450e-02   1.2900000e+00   1.2874884e+00
   1.1329805e-02   1.2977493e+00   1.2952339e+00
   1.1329805e-02   1.2977493e+00   1.2952339e+00
   1.1526084e-02   1.3200000e+00   1.3174750e+00
   1.1526084e-02   1.3200000e+00   1.3174750e+00
   1.1596046e-02   1.3279305e+00   1.3254025e+00
   1.1596046e-02   1.3279305e+00   1.3254025e+00
   1.1790748e-02   1.3500000e+00   1.3474649e+00
   1.1790748e-02   1.3500000e+00   1.3474649e+00
   1.1862316e-02   1.3581117e+00   1.3555745e+00
   1.1862316e-02   1.3581117e+00   1.3555745e+00
   1.2055438e-02   1.3800000e+00   1.3774578e+00
   1.2055438e-02   1.3800000e+00   1.3774578e+00
   1.2128613e-02   1.3882931e+00   1.3857494e+00
   1.2128613e-02   1.3882931e+00   1.3857494e+00
   1.2320150e-02   1.4100000e+00   1.4074532e+00
   1.2320150e-02   1.4100000e+00   1.4074532e+00
   1.2394931e-02   1.4184746e+00   1.4159269e+00
   1.2394931e-02   1.4184746e+00   1.4159269e+00
   1.2584879e-02   1.4400000e+00   1.4374505e+00
   1.2584879e-02   1.4400000e+00   1.4374505e+00
   1.2661267e-02   1.4486562e+00   1.4461063e+00
   1.2661267e-02   1.4486562e+00   1.4461063e+00
   1.2802256e-02   1.4646327e+00   1.4620822e+00
   1.2802256e-02   1.4646327e+00   1.4620822e+00
   1.2824078e-02   1.4671056e+00   1.4645550e+00
   1.2824078e-02   1.4671056e+00   1.4645550e+00
   1.2878145e-02   1.4732323e+00   1.4706815e+00
   1.2878145e-02   1.4732323e+00   1.4706815e+00
   1.2900097e-02   1.4757197e+00   1.4731689e+00
   1.2900097e-02   1.4757197e+00   1.4731689e+00
   1.3151285e-02   1.5041835e+00   1.5016319e+00
   1.3387251e-02   1.5309224e+00   1.5283700e+00
   1.3387251e-02   1.5309224e+00   1.5283700e+00
   1.3410377e-02   1.5335430e+00   1.5309904e+00
   1.3410377e-02   1.5335430e+00   1.5309904e+00
   1.3470246e-02   1.5403272e+00   1.5377744e+00
   1.3470246e-02   1.5403272e+00   1.5377744e+00
   1.3493517e-02   1.5429642e+00   1.5404112e+00
   1.3493517e-02   1.5429642e+00   1.5404112e+00
   1.3537955e-02   1.5480000e+00   1.5454467e+00
   1.3537955e-02   1.5480000e+00   1.5454467e+00
   1.3620128e-02   1.5573119e+00   1.5547580e+00
   1.3620128e-02   1.5573119e+00   1.5547580e+00
   1.3749739e-02   1.5720000e+00   1.5694446e+00
   1.3749739e-02   1.5720000e+00   1.5694446e+00
   1.3833197e-02   1.5814582e+00   1.5789015e+00
   1.3833197e-02   1.5814582e+00   1.5789015e+00
   1.3961508e-02   1.5960000e+00   1.5934409e+00
   1.3961508e-02   1.5960000e+00   1.5934409e+00
   1.4046252e-02   1.6056046e+00   1.6030435e+00
   1.4046252e-02   1.6056046e+00   1.6030435e+00
   1.4173260e-02   1.6200000e+00   1.6174352e+00
   1.4173260e-02   1.6200000e+00   1.6174352e+00
   1.4259289e-02   1.6297512e+00   1.6271835e+00
   1.4259289e-02   1.6297512e+00   1.6271835e+00
   1.4384991e-02   1.6440000e+00   1.6414272e+00
   1.4384991e-02   1.6440000e+00   1.6414272e+00
   1.4472305e-02   1.6538979e+00   1.6513210e+00
   1.4472305e-02   1.6538979e+00   1.6513210e+00
   1.4596698e-02   1.6680000e+00   1.6654165e+00
   1.4596698e-02   1.6680000e+00   1.6654165e+00
   1.4685297e-02   1.6780448e+00   1.6754559e+00
   1.4685297e-02   1.6780448e+00   1.6754559e+00
   1.4808379e-02   1.6920000e+00   1.6894027e+00
   1.4808379e-02   1.6920000e+00   1.6894027e+00
   1.4898263e-02   1.7021919e+00   1.6995877e+00
   1.4898263e-02   1.7021919e+00   1.6995877e+00
   1.5020029e-02   1.7160000e+00   1.7133855e+00
   1.5020029e-02   1.7160000e+00   1.7133855e+00
   1.5111198e-02   1.7263391e+00   1.7237161e+00
   1.5111198e-02   1.7263391e+00   1.7237161e+00
   1.5231647e-02   1.7400000e+00   1.7373646e+00
   1.5231647e-02   1.7400000e+00   1.7373646e+00
   1.5324100e-02   1.7504865e+00   1.7478408e+00
   1.5324100e-02   1.7504865e+00   1.7478408e+00
   1.5443230e-02   1.7640000e+00   1.7613398e+00
   1.5443230e-02   1.7640000e+00   1.7613398e+00
   1.5536968e-02   1.7746340e+00   1.7719615e+00
   1.5536968e-02   1.7746340e+00   1.7719615e+00
   1.5654776e-02   1.7880000e+00   1.7853108e+00
   1.5654776e-02   1.7880000e+00   1.7853108e+00
   1.5749797e-02   1.7987817e+00   1.7960779e+00
   1.5749797e-02   1.7987817e+00   1.7960779e+00
   1.5866282e-02   1.8120000e+00   1.8092772e+00
   1.5866282e-02   1.8120000e+00   1.8092772e+00
   1.5962587e-02   1.8229295e+00   1.8201898e+00
   1.5962587e-02   1.8229295e+00   1.8201898e+00
   1.6077746e-02   1.8360000e+00   1.8332389e+00
   1.6077746e-02   1.8360000e+00   1.8332389e+00
   1.6175335e-02   1.8470774e+00   1.8442970e+00
   1.6175335e-02   1.8470774e+00   1.8442970e+00
   1.6289166e-02   1.8600000e+00   1.8571956e+00
   1.6289166e-02   1.8600000e+00   1.8571956e+00
   1.6388038e-02   1.8712255e+00   1.8683991e+00
   1.6388038e-02   1.8712255e+00   1.8683991e+00
   1.6500540e-02   1.8840000e+00   1.8811471e+00
   1.6500540e-02   1.8840000e+00   1.8811471e+00
   1.6600695e-02   1.8953738e+00   1.8924959e+00
   1.6600695e-02   1.8953738e+00   1.8924959e+00
   1.6711866e-02   1.9080000e+00   1.9050931e+00
   1.6711866e-02   1.9080000e+00   1.9050931e+00
   1.6813303e-02   1.9195221e+00   1.9165873e+00
   1.6813303e-02   1.9195221e+00   1.9165873e+00
   1.6923142e-02   1.9320000e+00   1.9290335e+00
   1.6923142e-02   1.9320000e+00   1.9290335e+00
   1.7025862e-02   1.9436706e+00   1.9406731e+00
   1.7025862e-02   1.9436706e+00   1.9406731e+00
   1.7134367e-02   1.9560000e+00   1.9529681e+00
   1.7134367e-02   1.9560000e+00   1.9529681e+00
   1.7238369e-02   1.9678192e+00   1.9647529e+00
   1.7238369e-02   1.9678192e+00   1.9647529e+00
   1.7345538e-02   1.9800000e+00   1.9768966e+00
   1.7345538e-02   1.9800000e+00   1.9768966e+00
   1.7450822e-02   1.9919680e+00   1.9888267e+00
   1.7450822e-02   1.9919680e+00   1.9888267e+00
   1.7556655e-02   2.0040000e+00   2.0008190e+00
   1.7556655e-02   2.0040000e+00   2.0008190e+00
   1.7663220e-02   2.0161169e+00   2.0128942e+00
   1.7663220e-02   2.0161169e+00   2.0128942e+00
   1.7767715e-02   2.0280000e+00   2.0247349e+00
   1.7767715e-02   2.0280000e+00   2.0247349e+00
   1.7875562e-02   2.0402659e+00   2.0369554e+00
   1.7875562e-02   2.0402659e+00   2.0369554e+00
   1.7978718e-02   2.0520000e+00   2.0486444e+00
   1.7978718e-02   2.0520000e+00   2.0486444e+00
   1.8087845e-02   2.0644150e+00   2.0610099e+00
   1.8087845e-02   2.0644150e+00   2.0610099e+00
   1.8189662e-02   2.0760000e+00   2.0725471e+00
   1.8189662e-02   2.0760000e+00   2.0725471e+00
   1.8300069e-02   2.0885643e+00   2.0850578e+00
   1.8300069e-02   2.0885643e+00   2.0850578e+00
   1.8400545e-02   2.1000000e+00   2.0964430e+00
   1.8400545e-02   2.1000000e+00   2.0964430e+00
   1.8512233e-02   2.1127137e+00   2.1090987e+00
   1.8512233e-02   2.1127137e+00   2.1090987e+00
   1.8611367e-02   2.1240000e+00   2.1203319e+00
   1.8611367e-02   2.1240000e+00   2.1203319e+00
   1.8724334e-02   2.1368632e+00   2.1331326e+00
   1.8724334e-02   2.1368632e+00   2.1331326e+00
   1.8822125e-02   2.1480000e+00   2.1442137e+00
   1.8822125e-02   2.1480000e+00   2.1442137e+00
   1.8936372e-02   2.1610128e+00   2.1571593e+00
   1.8936372e-02   2.1610128e+00   2.1571593e+00
   1.9032820e-02   2.1720000e+00   2.1680882e+00
   1.9032820e-02   2.1720000e+00   2.1680882e+00
   1.9148345e-02   2.1851625e+00   2.1811787e+00
   1.9148345e-02   2.1851625e+00   2.1811787e+00
   1.9243449e-02   2.1960000e+00   2.1919553e+00
   1.9243449e-02   2.1960000e+00   2.1919553e+00
   1.9360253e-02   2.2093124e+00   2.2051907e+00
   1.9360253e-02   2.2093124e+00   2.2051907e+00
   1.9454012e-02   2.2200000e+00   2.2158149e+00
   1.9454012e-02   2.2200000e+00   2.2158149e+00
   1.9572094e-02   2.2334623e+00   2.2291951e+00
   1.9572094e-02   2.2334623e+00   2.2291951e+00
   1.9664508e-02   2.2440000e+00   2.2396668e+00
   1.9664508e-02   2.2440000e+00   2.2396668e+00
   1.9783868e-02   2.2576124e+00   2.2531919e+00
   1.9783868e-02   2.2576124e+00   2.2531919e+00
   1.9874935e-02   2.2680000e+00   2.2635111e+00
   1.9874935e-02   2.2680000e+00   2.2635111e+00
   1.9995572e-02   2.2817626e+00   2.2771808e+00
   1.9995572e-02   2.2817626e+00   2.2771808e+00
   2.0000000e-02   2.2822678e+00   2.2776826e+00
   2.0022139e-02   2.2821517e+00   2.2775491e+00
   2.0095896e-02   2.2817647e+00   2.2771046e+00
   2.0095896e-02   2.2817647e+00   2.2771046e+00
   2.0206592e-02   2.2811840e+00   2.2764375e+00
   2.0317288e-02   2.2806031e+00   2.2757704e+00
   2.0538680e-02   2.2794410e+00   2.2744361e+00
   2.0981463e-02   2.2771156e+00   2.2717676e+00
   2.1867031e-02   2.2724601e+00   2.2664306e+00
   2.2714294e-02   2.2680000e+00   2.2613244e+00
   2.2714294e-02   2.2680000e+00   2.2613244e+00
   2.4485428e-02   2.2586573e+00   2.2506504e+00
   2.4663412e-02   2.2577170e+00   2.2495777e+00
   2.4663412e-02   2.2577170e+00   2.2495777e+00
   2.6434547e-02   2.2483457e+00   2.2389037e+00
   2.7254253e-02   2.2440000e+00   2.2339636e+00
   2.7254253e-02   2.2440000e+00   2.2339636e+00
   2.7552934e-02   2.2424152e+00   2.2321635e+00
   2.7552934e-02   2.2424152e+00   2.2321635e+00
   2.7661001e-02   2.2418416e+00   2.2315122e+00
   2.7661001e-02   2.2418416e+00   2.2315122e+00
   2.7769068e-02   2.2412679e+00   2.2308609e+00
   2.7877134e-02   2.2406941e+00   2.2302097e+00
   2.8093268e-02   2.2395462e+00   2.2289071e+00
   2.8525536e-02   2.2372493e+00   2.2263020e+00
   2.9199168e-02   2.2336668e+00   2.2222422e+00
   2.9199168e-02   2.2336668e+00   2.2222422e+00
   3.0063704e-02   2.2290636e+00   2.2170319e+00
   3.0928239e-02   2.2244543e+00   2.2118217e+00
   3.1762644e-02   2.2200000e+00   2.2067930e+00
   3.1762644e-02   2.2200000e+00   2.2067930e+00
   3.3491715e-02   2.2107517e+00   2.1963724e+00
   3.3704073e-02   2.2096141e+00   2.1950926e+00
   3.3704073e-02   2.2096141e+00   2.1950926e+00
   3.5433144e-02   2.2003385e+00   2.1846721e+00
   3.6240370e-02   2.1960000e+00   2.1798072e+00
   3.6240370e-02   2.1960000e+00   2.1798072e+00
   3.7969441e-02   2.1866892e+00   2.1693867e+00
   3.8179027e-02   2.1855590e+00   2.1681236e+00
   3.8179027e-02   2.1855590e+00   2.1681236e+00
   3.9908098e-02   2.1762213e+00   2.1577030e+00
   4.0688325e-02   2.1720000e+00   2.1530008e+00
   4.0688325e-02   2.1720000e+00   2.1530008e+00
   4.2417397e-02   2.1626278e+00   2.1425803e+00
   4.2624919e-02   2.1615014e+00   2.1413296e+00
   4.2624919e-02   2.1615014e+00   2.1413296e+00
   4.4353990e-02   2.1521026e+00   2.1309091e+00
   4.5107395e-02   2.1480000e+00   2.1263686e+00
   4.5107395e-02   2.1480000e+00   2.1263686e+00
   4.5788007e-02   2.1442899e+00   2.1222667e+00
   4.5788007e-02   2.1442899e+00   2.1222667e+00
   4.6017270e-02   2.1430394e+00   2.1208851e+00
   4.6017270e-02   2.1430394e+00   2.1208851e+00
   4.6246534e-02   2.1417884e+00   2.1195034e+00
   4.6475797e-02   2.1405370e+00   2.1181217e+00
   4.6934324e-02   2.1380330e+00   2.1153583e+00
   4.7042633e-02   2.1374413e+00   2.1147055e+00
   4.7042633e-02   2.1374413e+00   2.1147055e+00
   4.7959687e-02   2.1324275e+00   2.1091787e+00
   4.8876740e-02   2.1274072e+00   2.1036520e+00
   4.9498456e-02   2.1240000e+00   2.0999051e+00
   4.9498456e-02   2.1240000e+00   2.0999051e+00
   5.1332563e-02   2.1139310e+00   2.0888515e+00
   5.1433044e-02   2.1133786e+00   2.0882460e+00
   5.1433044e-02   2.1133786e+00   2.0882460e+00
   5.3267152e-02   2.1032821e+00   2.0771924e+00
   5.3862379e-02   2.1000000e+00   2.0736052e+00
   5.3862379e-02   2.1000000e+00   2.0736052e+00
   5.5696487e-02   2.0898695e+00   2.0625516e+00
   5.5797024e-02   2.0893134e+00   2.0619457e+00
   5.5797024e-02   2.0893134e+00   2.0619457e+00
   5.7631131e-02   2.0791558e+00   2.0508921e+00
   5.8200030e-02   2.0760000e+00   2.0474636e+00
   5.8200030e-02   2.0760000e+00   2.0474636e+00
   6.0034138e-02   2.0658092e+00   2.0364100e+00
   6.0135439e-02   2.0652456e+00   2.0357995e+00
   6.0135439e-02   2.0652456e+00   2.0357995e+00
   6.1969546e-02   2.0550282e+00   2.0247459e+00
   6.2512271e-02   2.0520000e+00   2.0214751e+00
   6.2512271e-02   2.0520000e+00   2.0214751e+00
   6.4346378e-02   2.0417503e+00   2.0104216e+00
   6.4449154e-02   2.0411752e+00   2.0098022e+00
   6.4449154e-02   2.0411752e+00   2.0098022e+00
   6.4911477e-02   2.0385873e+00   2.0070159e+00
   6.4911477e-02   2.0385873e+00   2.0070159e+00
   6.5278530e-02   2.0365315e+00   2.0048038e+00
   6.5278530e-02   2.0365315e+00   2.0048038e+00
   6.5645584e-02   2.0344748e+00   2.0025917e+00
   6.6012638e-02   2.0324171e+00   2.0003796e+00
   6.6746745e-02   2.0282987e+00   1.9959553e+00
   6.6799960e-02   2.0280000e+00   1.9956346e+00
   6.6799960e-02   2.0280000e+00   1.9956346e+00
   6.8268175e-02   2.0197509e+00   1.9867862e+00
   6.8739032e-02   2.0171021e+00   1.9839485e+00
   6.8739032e-02   2.0171021e+00   1.9839485e+00
   7.0207246e-02   2.0088325e+00   1.9751000e+00
   7.1063957e-02   2.0040000e+00   1.9699369e+00
   7.1063957e-02   2.0040000e+00   1.9699369e+00
   7.2532171e-02   1.9957060e+00   1.9610885e+00
   7.3005937e-02   1.9930264e+00   1.9582333e+00
   7.3005937e-02   1.9930264e+00   1.9582333e+00
   7.4474152e-02   1.9847123e+00   1.9493848e+00
   7.5305119e-02   1.9800000e+00   1.9443769e+00
   7.5305119e-02   1.9800000e+00   1.9443769e+00
   7.6692501e-02   1.9721217e+00   1.9360156e+00
   7.6692501e-02   1.9721217e+00   1.9360156e+00
   7.7250736e-02   1.9689480e+00   1.9326513e+00
   7.7250736e-02   1.9689480e+00   1.9326513e+00
   7.7457725e-02   1.9677706e+00   1.9314038e+00
   7.7457725e-02   1.9677706e+00   1.9314038e+00
   7.7664715e-02   1.9665930e+00   1.9301563e+00
   7.7871705e-02   1.9654151e+00   1.9289089e+00
   7.8285685e-02   1.9630583e+00   1.9264140e+00
   7.9113645e-02   1.9583413e+00   1.9214241e+00
   7.9379457e-02   1.9568260e+00   1.9198222e+00
   7.9379457e-02   1.9568260e+00   1.9198222e+00
   7.9524308e-02   1.9560000e+00   1.9189492e+00
   7.9524308e-02   1.9560000e+00   1.9189492e+00
   7.9669158e-02   1.9551739e+00   1.9180762e+00
   7.9814009e-02   1.9543476e+00   1.9172033e+00
   8.0103710e-02   1.9526947e+00   1.9154573e+00
   8.0253636e-02   1.9518390e+00   1.9145538e+00
   8.0253636e-02   1.9518390e+00   1.9145538e+00
   8.0833038e-02   1.9485331e+00   1.9110619e+00
   8.0964985e-02   1.9477806e+00   1.9102667e+00
   8.0964985e-02   1.9477806e+00   1.9102667e+00
   8.1457436e-02   1.9449731e+00   1.9072989e+00
   8.1457436e-02   1.9449731e+00   1.9072989e+00
   8.1949886e-02   1.9421673e+00   1.9043310e+00
   8.2442336e-02   1.9393632e+00   1.9013632e+00
   8.3427237e-02   1.9337602e+00   1.8954275e+00
   8.5097178e-02   1.9242755e+00   1.8853633e+00
   8.5097178e-02   1.9242755e+00   1.8853633e+00
   8.5623369e-02   1.9212911e+00   1.8821922e+00
   8.5623369e-02   1.9212911e+00   1.8821922e+00
   8.6149560e-02   1.9183086e+00   1.8790210e+00
   8.6675751e-02   1.9153280e+00   1.8758498e+00
   8.7728132e-02   1.9093729e+00   1.8695075e+00
   8.9280339e-02   1.9006038e+00   1.8601528e+00
   8.9280339e-02   1.9006038e+00   1.8601528e+00
   8.9841224e-02   1.8974394e+00   1.8567725e+00
   8.9841224e-02   1.8974394e+00   1.8567725e+00
   9.0402109e-02   1.8942773e+00   1.8533923e+00
   9.0962994e-02   1.8911174e+00   1.8500120e+00
   9.2084764e-02   1.8848045e+00   1.8432515e+00
   9.3516119e-02   1.8767627e+00   1.8346252e+00
   9.3516119e-02   1.8767627e+00   1.8346252e+00
   9.4112703e-02   1.8734153e+00   1.8310297e+00
   9.4112703e-02   1.8734153e+00   1.8310297e+00
   9.4709288e-02   1.8700705e+00   1.8274343e+00
   9.5305872e-02   1.8667283e+00   1.8238389e+00
   9.6499041e-02   1.8600518e+00   1.8166481e+00
   9.7806251e-02   1.8527491e+00   1.8087700e+00
   9.7806251e-02   1.8527491e+00   1.8087700e+00
   9.8439596e-02   1.8492155e+00   1.8049530e+00
   9.8439596e-02   1.8492155e+00   1.8049530e+00
   9.9072941e-02   1.8456849e+00   1.8011360e+00
   9.9706286e-02   1.8421572e+00   1.7973191e+00
   1.0097298e-01   1.8351107e+00   1.7896852e+00
   1.0215256e-01   1.8285596e+00   1.7825762e+00
   1.0215256e-01   1.8285596e+00   1.7825762e+00
   1.0282379e-01   1.8248364e+00   1.7785309e+00
   1.0282379e-01   1.8248364e+00   1.7785309e+00
   1.0349501e-01   1.8211166e+00   1.7744857e+00
   1.0416624e-01   1.8174001e+00   1.7704404e+00
   1.0550869e-01   1.8099772e+00   1.7623499e+00
   1.0655696e-01   1.8041904e+00   1.7560323e+00
   1.0655696e-01   1.8041904e+00   1.7560323e+00
   1.0726726e-01   1.8002740e+00   1.7517516e+00
   1.0726726e-01   1.8002740e+00   1.7517516e+00
   1.0797756e-01   1.7963614e+00   1.7474709e+00
   1.0868785e-01   1.7924526e+00   1.7431901e+00
   1.1010844e-01   1.7846463e+00   1.7346287e+00
   1.1102150e-01   1.7796371e+00   1.7291260e+00
   1.1102150e-01   1.7796371e+00   1.7291260e+00
   1.1177212e-01   1.7755238e+00   1.7246023e+00
   1.1177212e-01   1.7755238e+00   1.7246023e+00
   1.1252274e-01   1.7714147e+00   1.7200786e+00
   1.1327336e-01   1.7673099e+00   1.7155548e+00
   1.1477460e-01   1.7591130e+00   1.7065073e+00
   1.1554830e-01   1.7548953e+00   1.7018445e+00
   1.1554830e-01   1.7548953e+00   1.7018445e+00
   1.1634057e-01   1.7505811e+00   1.6970697e+00
   1.1634057e-01   1.7505811e+00   1.6970697e+00
   1.1713285e-01   1.7462716e+00   1.6922949e+00
   1.1792513e-01   1.7419668e+00   1.6875201e+00
   1.1950968e-01   1.7333715e+00   1.6779705e+00
   1.2013963e-01   1.7299599e+00   1.6741741e+00
   1.2013963e-01   1.7299599e+00   1.6741741e+00
   1.2097498e-01   1.7254405e+00   1.6691397e+00
   1.2097498e-01   1.7254405e+00   1.6691397e+00
   1.2181033e-01   1.7209263e+00   1.6641053e+00
   1.2264568e-01   1.7164173e+00   1.6590709e+00
   1.2431638e-01   1.7074156e+00   1.6490022e+00
   1.2479789e-01   1.7048253e+00   1.6461003e+00
   1.2479789e-01   1.7048253e+00   1.6461003e+00
   1.2567782e-01   1.7000961e+00   1.6407972e+00
   1.2567782e-01   1.7000961e+00   1.6407972e+00
   1.2655774e-01   1.6953728e+00   1.6354942e+00
   1.2743767e-01   1.6906553e+00   1.6301912e+00
   1.2919753e-01   1.6812383e+00   1.6195851e+00
   1.2952563e-01   1.6794853e+00   1.6176077e+00
   1.2952563e-01   1.6794853e+00   1.6176077e+00
   1.3045174e-01   1.6745416e+00   1.6120264e+00
   1.3045174e-01   1.6745416e+00   1.6120264e+00
   1.3137785e-01   1.6696044e+00   1.6064450e+00
   1.3230396e-01   1.6646737e+00   1.6008637e+00
   1.3415618e-01   1.6548321e+00   1.5897009e+00
   1.3432555e-01   1.6539335e+00   1.5886802e+00
   1.3432555e-01   1.6539335e+00   1.5886802e+00
   1.3529955e-01   1.6487702e+00   1.5828102e+00
   1.3529955e-01   1.6487702e+00   1.5828102e+00
   1.3627355e-01   1.6436139e+00   1.5769402e+00
   1.3724755e-01   1.6384649e+00   1.5710702e+00
   1.3919556e-01   1.6281888e+00   1.5593303e+00
   1.3920052e-01   1.6281626e+00   1.5593003e+00
   1.3920052e-01   1.6281626e+00   1.5593003e+00
   1.4022425e-01   1.6227740e+00   1.5531307e+00
   1.4022425e-01   1.6227740e+00   1.5531307e+00
   1.4124797e-01   1.6173933e+00   1.5469611e+00
   1.4227169e-01   1.6120205e+00   1.5407914e+00
   1.4415363e-01   1.6021647e+00   1.5294496e+00
   1.4415363e-01   1.6021647e+00   1.5294496e+00
   1.4522903e-01   1.5965450e+00   1.5229685e+00
   1.4522903e-01   1.5965450e+00   1.5229685e+00
   1.4630443e-01   1.5909339e+00   1.5164874e+00
   1.4737983e-01   1.5853316e+00   1.5100064e+00
   1.4918814e-01   1.5759313e+00   1.4991083e+00
   1.4918814e-01   1.5759313e+00   1.4991083e+00
   1.5031732e-01   1.5700740e+00   1.4923031e+00
   1.5031732e-01   1.5700740e+00   1.4923031e+00
   1.5144649e-01   1.5642263e+00   1.4854979e+00
   1.5257567e-01   1.5583881e+00   1.4786927e+00
   1.5430757e-01   1.5494528e+00   1.4682552e+00
   1.5430757e-01   1.5494528e+00   1.4682552e+00
   1.5549277e-01   1.5433512e+00   1.4611123e+00
   1.5549277e-01   1.5433512e+00   1.4611123e+00
   1.5667798e-01   1.5372599e+00   1.4539695e+00
   1.5786319e-01   1.5311792e+00   1.4468266e+00
   1.5951567e-01   1.5227192e+00   1.4368677e+00
   1.5951567e-01   1.5227192e+00   1.4368677e+00
   1.6075933e-01   1.5163657e+00   1.4293725e+00
   1.6075933e-01   1.5163657e+00   1.4293725e+00
   1.6200300e-01   1.5100236e+00   1.4218773e+00
   1.6324667e-01   1.5036930e+00   1.4143822e+00
   1.6481648e-01   1.4957192e+00   1.4049214e+00
   1.6481648e-01   1.4957192e+00   1.4049214e+00
   1.6612123e-01   1.4891058e+00   1.3970581e+00
   1.6612123e-01   1.4891058e+00   1.3970581e+00
   1.6742598e-01   1.4825048e+00   1.3891948e+00
   1.6873073e-01   1.4759164e+00   1.3813315e+00
   1.7021437e-01   1.4684405e+00   1.3723901e+00
   1.7021437e-01   1.4684405e+00   1.3723901e+00
   1.7158303e-01   1.4615585e+00   1.3641416e+00
   1.7158303e-01   1.4615585e+00   1.3641416e+00
   1.7295170e-01   1.4546898e+00   1.3558931e+00
   1.7432036e-01   1.4478350e+00   1.3476446e+00
   1.7571402e-01   1.4408697e+00   1.3392455e+00
   1.7571402e-01   1.4408697e+00   1.3392455e+00
   1.7714968e-01   1.4337095e+00   1.3305933e+00
   1.7714968e-01   1.4337095e+00   1.3305933e+00
   1.7858534e-01   1.4265638e+00   1.3219411e+00
   1.8002099e-01   1.4194332e+00   1.3132888e+00
   1.8132054e-01   1.4129922e+00   1.3054569e+00
   1.8132054e-01   1.4129922e+00   1.3054569e+00
   1.8282653e-01   1.4055432e+00   1.2963808e+00
   1.8282653e-01   1.4055432e+00   1.2963808e+00
   1.8433252e-01   1.3981101e+00   1.2873047e+00
   1.8583851e-01   1.3906934e+00   1.2782286e+00
   1.8703943e-01   1.3847915e+00   1.2709910e+00
   1.8703943e-01   1.3847915e+00   1.2709910e+00
   1.8861940e-01   1.3770425e+00   1.2614690e+00
   1.8861940e-01   1.3770425e+00   1.2614690e+00
   1.9019938e-01   1.3693105e+00   1.2519471e+00
   1.9091741e-01   1.3658025e+00   1.2476198e+00
   1.9091741e-01   1.3658025e+00   1.2476198e+00
   1.9249738e-01   1.3580859e+00   1.2380978e+00
   1.9254889e-01   1.3578342e+00   1.2377873e+00
   1.9254889e-01   1.3578342e+00   1.2377873e+00
   1.9287672e-01   1.3562326e+00   1.2358116e+00
   1.9287672e-01   1.3562326e+00   1.2358116e+00
   1.9320455e-01   1.3546308e+00   1.2338359e+00
   1.9353238e-01   1.3530289e+00   1.2318601e+00
   1.9418804e-01   1.3498246e+00   1.2279087e+00
   1.9453467e-01   1.3481303e+00   1.2258197e+00
   1.9453467e-01   1.3481303e+00   1.2258197e+00
   1.9584599e-01   1.3417192e+00   1.2179168e+00
   1.9715731e-01   1.3353056e+00   1.2100139e+00
   1.9883950e-01   1.3270747e+00   1.1998759e+00
   1.9883950e-01   1.3270747e+00   1.1998759e+00
   2.0057981e-01   1.3185554e+00   1.1893877e+00
   2.0057981e-01   1.3185554e+00   1.1893877e+00
   2.0232012e-01   1.3100321e+00   1.1788994e+00
   2.0406043e-01   1.3015048e+00   1.1684111e+00
   2.0493637e-01   1.2972113e+00   1.1631321e+00
   2.0493637e-01   1.2972113e+00   1.1631321e+00
   2.0676394e-01   1.2882502e+00   1.1521179e+00
   2.0676394e-01   1.2882502e+00   1.1521179e+00
   2.0859151e-01   1.2792849e+00   1.1411037e+00
   2.1041909e-01   1.2703156e+00   1.1300896e+00
   2.1117708e-01   1.2665944e+00   1.1255214e+00
   2.1117708e-01   1.2665944e+00   1.1255214e+00
   2.1309739e-01   1.2571634e+00   1.1139483e+00
   2.1309739e-01   1.2571634e+00   1.1139483e+00
   2.1501770e-01   1.2477271e+00   1.1023752e+00
   2.1693801e-01   1.2382858e+00   1.0908021e+00
   2.1757255e-01   1.2351649e+00   1.0869780e+00
   2.1757255e-01   1.2351649e+00   1.0869780e+00
   2.1959178e-01   1.2252301e+00   1.0748088e+00
   2.1959178e-01   1.2252301e+00   1.0748088e+00
   2.2161100e-01   1.2152899e+00   1.0626396e+00
   2.2363022e-01   1.2053444e+00   1.0504704e+00
   2.2413523e-01   1.2028563e+00   1.0474269e+00
   2.2413523e-01   1.2028563e+00   1.0474269e+00
   2.2626036e-01   1.1923821e+00   1.0346194e+00
   2.2626036e-01   1.1923821e+00   1.0346194e+00
   2.2838549e-01   1.1819024e+00   1.0218120e+00
   2.3051062e-01   1.1714172e+00   1.0090045e+00
   2.3087927e-01   1.1695978e+00   1.0067828e+00
   2.3087927e-01   1.1695978e+00   1.0067828e+00
   2.3311830e-01   1.1585438e+00   9.9328891e-01
   2.3311830e-01   1.1585438e+00   9.9328891e-01
   2.3535732e-01   1.1474840e+00   9.7979504e-01
   2.3759635e-01   1.1364185e+00   9.6630117e-01
   2.3782096e-01   1.1353082e+00   9.6494752e-01
   2.3782096e-01   1.1353082e+00   9.6494752e-01
   2.4018306e-01   1.1236277e+00   9.5071188e-01
   2.4018306e-01   1.1236277e+00   9.5071188e-01
   2.4254517e-01   1.1119413e+00   9.3647624e-01
   2.4490728e-01   1.1002489e+00   9.2224060e-01
   2.4497912e-01   1.0998932e+00   9.2180764e-01
   2.4497912e-01   1.0998932e+00   9.2180764e-01
   2.4747497e-01   1.0875317e+00   9.0676596e-01
   2.4747497e-01   1.0875317e+00   9.0676596e-01
   2.4997083e-01   1.0751627e+00   8.9172428e-01
   2.5246668e-01   1.0627864e+00   8.7668260e-01
   2.5745838e-01   1.0380125e+00   8.4659924e-01
   2.6495533e-01   1.0007542e+00   8.0141764e-01
   2.6495533e-01   1.0007542e+00   8.0141764e-01
   2.6799665e-01   9.8562287e-01   7.8308859e-01
   2.6799665e-01   9.8562287e-01   7.8308859e-01
   2.7103797e-01   9.7048232e-01   7.6475954e-01
   2.7407930e-01   9.5533283e-01   7.4643049e-01
   2.8016194e-01   9.2500800e-01   7.0977239e-01
   2.8495392e-01   9.0109449e-01   6.8089271e-01
   2.8495392e-01   9.0109449e-01   6.8089271e-01
   2.8836428e-01   8.8406293e-01   6.6033957e-01
   2.8836428e-01   8.8406293e-01   6.6033957e-01
   2.9177465e-01   8.6702023e-01   6.3978644e-01
   2.9518501e-01   8.4996673e-01   6.1923330e-01
   3.0200574e-01   8.1582862e-01   5.7812703e-01
   3.1564719e-01   7.4743681e-01   4.9591448e-01
   3.3681881e-01   6.4102418e-01   3.6832011e-01
   3.3681881e-01   6.4102418e-01   3.6832011e-01
   3.4219409e-01   6.1396028e-01   3.3592511e-01
   3.4219409e-01   6.1396028e-01   3.3592511e-01
   3.4266920e-01   6.1156725e-01   3.3306179e-01
   3.4266920e-01   6.1156725e-01   3.3306179e-01
   3.4267742e-01   6.1152584e-01   3.3301226e-01
   3.4267742e-01   6.1152584e-01   3.3301226e-01
   3.4277774e-01   6.1102051e-01   3.3240764e-01
   3.4287806e-01   6.1051517e-01   3.3180302e-01
   3.4307871e-01   6.0950447e-01   3.3059378e-01
   3.4348001e-01   6.0748299e-01   3.2817530e-01
   3.4428260e-01   6.0343971e-01   3.2333835e-01
   3.4588778e-01   5.9535194e-01   3.1366444e-01
   3.4909815e-01   5.7917155e-01   2.9431662e-01
   3.5551888e-01   5.4679219e-01   2.5562098e-01
   3.5903358e-01   5.2905780e-01   2.3443907e-01
   3.5903358e-01   5.2905780e-01   2.3443907e-01
   3.5932531e-01   5.2758548e-01   2.3268091e-01
   3.5932531e-01   5.2758548e-01   2.3268091e-01
   3.5961704e-01   5.2611312e-01   2.3092275e-01
   3.5990877e-01   5.2464072e-01   2.2916459e-01
   3.6049223e-01   5.2169577e-01   2.2564826e-01
   3.6165915e-01   5.1580532e-01   2.1861562e-01
   3.6399299e-01   5.0402229e-01   2.0455032e-01
   3.6866067e-01   4.8044788e-01   1.7641974e-01
   3.7799604e-01   4.3326788e-01   1.2015856e-01
   3.8838558e-01   3.8071608e-01   5.7544224e-02
   3.8838558e-01   3.8071608e-01   5.7544224e-02
   3.8856398e-01   3.7981332e-01   5.6469049e-02
   3.8856398e-01   3.7981332e-01   5.6469049e-02
   3.8874239e-01   3.7891066e-01   5.5393873e-02
   3.8892079e-01   3.7800821e-01   5.4318697e-02
   3.8927760e-01   3.7620396e-01   5.2168345e-02
   3.8999121e-01   3.7259803e-01   4.7867642e-02
   3.9141843e-01   3.6539668e-01   3.9266236e-02
   3.9179156e-01   3.6351632e-01   3.7017502e-02
   3.9179156e-01   3.6351632e-01   3.7017502e-02
   3.9248986e-01   3.6000000e-01   3.2809103e-02
   3.9248986e-01   3.6000000e-01   3.2809103e-02
   3.9318815e-01   3.5648698e-01   2.8600703e-02
   3.9388645e-01   3.5297710e-01   2.4392304e-02
   3.9528304e-01   3.4596695e-01   1.5975506e-02
   3.9781207e-01   3.3330642e-01   7.3388416e-04
   3.9781207e-01   3.3330642e-01   7.3388416e-04
   3.9793384e-01   3.3269795e-01   3.0325474e-16
   3.9793384e-01   3.3269795e-01  -2.1107985e-14
   3.9794534e-01   3.3264051e-01  -6.9282817e-05
   3.9794534e-01   3.3264051e-01  -6.9282817e-05
   3.9804566e-01   3.3213930e-01  -6.7324263e-04
   3.9814599e-01   3.3163817e-01  -1.2761335e-03
   3.9834664e-01   3.3063613e-01  -2.4787310e-03
   3.9847404e-01   3.3000000e-01  -3.2401684e-03
   3.9847404e-01   3.3000000e-01  -3.2401684e-03
   3.9887534e-01   3.2799708e-01  -5.6275099e-03
   3.9927664e-01   3.2599519e-01  -7.9984721e-03
   4.0007923e-01   3.2199451e-01  -1.2692577e-02
   4.0168441e-01   3.1400590e-01  -2.1898134e-02
   4.0388200e-01   3.0309774e-01  -3.4133820e-02
   4.0388200e-01   3.0309774e-01  -3.4133820e-02
   4.0450736e-01   3.0000000e-01  -3.7543118e-02
   4.0450736e-01   3.0000000e-01  -3.7543118e-02
   4.0510210e-01   2.9705633e-01  -4.0757224e-02
   4.0510210e-01   2.9705633e-01  -4.0757224e-02
   4.0569685e-01   2.9411490e-01  -4.3944396e-02
   4.0572010e-01   2.9400000e-01  -4.4068411e-02
   4.0572010e-01   2.9400000e-01  -4.4068411e-02
   4.0631484e-01   2.9106094e-01  -4.7228298e-02
   4.0632414e-01   2.9101503e-01  -4.7277481e-02
   4.0632414e-01   2.9101503e-01  -4.7277481e-02
   4.0691889e-01   2.8807833e-01  -5.0411358e-02
   4.0693476e-01   2.8800000e-01  -5.0494634e-02
   4.0693476e-01   2.8800000e-01  -5.0494634e-02
   4.0752951e-01   2.8506573e-01  -5.3602856e-02
   4.0754819e-01   2.8497360e-01  -5.3700095e-02
   4.0754819e-01   2.8497360e-01  -5.3700095e-02
   4.0814294e-01   2.8204181e-01  -5.6783163e-02
   4.0815142e-01   2.8200000e-01  -5.6826973e-02
   4.0815142e-01   2.8200000e-01  -5.6826973e-02
   4.0874617e-01   2.7907070e-01  -5.9885885e-02
   4.0877434e-01   2.7893203e-01  -6.0030167e-02
   4.0877434e-01   2.7893203e-01  -6.0030167e-02
   4.0936909e-01   2.7600535e-01  -6.3064716e-02
   4.0937017e-01   2.7600000e-01  -6.3070242e-02
   4.0937017e-01   2.7600000e-01  -6.3070242e-02
   4.0996492e-01   2.7307586e-01  -6.6082017e-02
   4.1000267e-01   2.7289034e-01  -6.6272437e-02
   4.1000267e-01   2.7289034e-01  -6.6272437e-02
   4.1059110e-01   2.7000000e-01  -6.9228927e-02
   4.1059110e-01   2.7000000e-01  -6.9228927e-02
   4.1117952e-01   2.6711202e-01  -7.2164146e-02
   4.1123309e-01   2.6684921e-01  -7.2430321e-02
   4.1123309e-01   2.6684921e-01  -7.2430321e-02
   4.1181409e-01   2.6400000e-01  -7.5306226e-02
   4.1181409e-01   2.6400000e-01  -7.5306226e-02
   4.1239510e-01   2.6115295e-01  -7.8162283e-02
   4.1246548e-01   2.6080819e-01  -7.8506954e-02
   4.1246548e-01   2.6080819e-01  -7.8506954e-02
   4.1303905e-01   2.5800000e-01  -8.1305080e-02
   4.1303905e-01   2.5800000e-01  -8.1305080e-02
   4.1361261e-01   2.5519401e-01  -8.4084668e-02
   4.1369993e-01   2.5476703e-01  -8.4506220e-02
   4.1369993e-01   2.5476703e-01  -8.4506220e-02
   4.1411189e-01   2.5275327e-01  -8.6489420e-02
   4.1411189e-01   2.5275327e-01  -8.6489420e-02
   4.1426605e-01   2.5200000e-01  -8.7229182e-02
   4.1426605e-01   2.5200000e-01  -8.7229182e-02
   4.1442021e-01   2.5124689e-01  -8.7967659e-02
   4.1457437e-01   2.5049395e-01  -8.8704858e-02
   4.1467552e-01   2.5000000e-01  -8.9187878e-02
   4.1467552e-01   2.5000000e-01  -8.9187878e-02
   4.1493373e-01   2.4873803e-01  -9.0418410e-02
   4.1493373e-01   2.4873803e-01  -9.0418410e-02
   4.1519194e-01   2.4747381e-01  -9.1645415e-02
   4.1545015e-01   2.4620743e-01  -9.2868923e-02
   4.1549241e-01   2.4600000e-01  -9.3068812e-02
   4.1549241e-01   2.4600000e-01  -9.3068812e-02
   4.1600883e-01   2.4345963e-01  -9.5504329e-02
   4.1615787e-01   2.4272474e-01  -9.6204675e-02
   4.1615787e-01   2.4272474e-01  -9.6204675e-02
   4.1667429e-01   2.4017263e-01  -9.8622677e-02
   4.1670916e-01   2.4000000e-01  -9.8785459e-02
   4.1670916e-01   2.4000000e-01  -9.8785459e-02
   4.1722558e-01   2.3743824e-01  -1.0118923e-01
   4.1737186e-01   2.3671093e-01  -1.0186771e-01
   4.1737186e-01   2.3671093e-01  -1.0186771e-01
   4.1788828e-01   2.3413750e-01  -1.0425469e-01
   4.1791582e-01   2.3400000e-01  -1.0438164e-01
   4.1791582e-01   2.3400000e-01  -1.0438164e-01
   4.1843224e-01   2.3141706e-01  -1.0675509e-01
   4.1857596e-01   2.3069660e-01  -1.0741335e-01
   4.1857596e-01   2.3069660e-01  -1.0741335e-01
   4.1909238e-01   2.2810207e-01  -1.0977068e-01
   4.1911266e-01   2.2800000e-01  -1.0986301e-01
   4.1911266e-01   2.2800000e-01  -1.0986301e-01
   4.1953565e-01   2.2586785e-01  -1.1178424e-01
   4.1953565e-01   2.2586785e-01  -1.1178424e-01
   4.1995865e-01   2.2372953e-01  -1.1369728e-01
   4.2017959e-01   2.2261028e-01  -1.1469327e-01
   4.2017959e-01   2.2261028e-01  -1.1469327e-01
   4.2060258e-01   2.2046590e-01  -1.1659401e-01
   4.2102558e-01   2.1832149e-01  -1.1848680e-01
   4.2187157e-01   2.1403255e-01  -1.2224891e-01
   4.2215367e-01   2.1260236e-01  -1.2349654e-01
   4.2215367e-01   2.1260236e-01  -1.2349654e-01
   4.2266696e-01   2.1000000e-01  -1.2575802e-01
   4.2266696e-01   2.1000000e-01  -1.2575802e-01
   4.2318025e-01   2.0739759e-01  -1.2800844e-01
   4.2369355e-01   2.0479513e-01  -1.3024798e-01
   4.2472013e-01   1.9959006e-01  -1.3469500e-01
   4.2677331e-01   1.8917932e-01  -1.4346479e-01
   4.2811036e-01   1.8239929e-01  -1.4909010e-01
   4.2811036e-01   1.8239929e-01  -1.4909010e-01
   4.2858350e-01   1.8000000e-01  -1.5106502e-01
   4.2858350e-01   1.8000000e-01  -1.5106502e-01
   4.2905664e-01   1.7760067e-01  -1.5303191e-01
   4.2952977e-01   1.7520131e-01  -1.5499085e-01
   4.3047605e-01   1.7040248e-01  -1.5888527e-01
   4.3236859e-01   1.6080438e-01  -1.6658268e-01
   4.3406585e-01   1.5219622e-01  -1.7338574e-01
   4.3406585e-01   1.5219622e-01  -1.7338574e-01
   4.3449886e-01   1.5000000e-01  -1.7510667e-01
   4.3449886e-01   1.5000000e-01  -1.7510667e-01
   4.3493187e-01   1.4780376e-01  -1.7682174e-01
   4.3536489e-01   1.4560749e-01  -1.7853102e-01
   4.3623091e-01   1.4121487e-01  -1.8193238e-01
   4.3796296e-01   1.3242934e-01  -1.8866785e-01
   4.4002033e-01   1.2199314e-01  -1.9655572e-01
   4.4002033e-01   1.2199314e-01  -1.9655572e-01
   4.4041325e-01   1.2000000e-01  -1.9804860e-01
   4.4041325e-01   1.2000000e-01  -1.9804860e-01
   4.4080616e-01   1.1800684e-01  -1.9953724e-01
   4.4119908e-01   1.1601367e-01  -2.0102165e-01
   4.4198490e-01   1.1202727e-01  -2.0397795e-01
   4.4355656e-01   1.0405428e-01  -2.0984137e-01
   4.4597402e-01   9.1790049e-02  -2.1873610e-01
   4.4597402e-01   9.1790049e-02  -2.1873610e-01
   4.4612077e-01   9.1045522e-02  -2.1927135e-01
   4.4612077e-01   9.1045522e-02  -2.1927135e-01
   4.4626753e-01   9.0300994e-02  -2.1980606e-01
   4.4632686e-01   9.0000000e-02  -2.2002208e-01
   4.4632686e-01   9.0000000e-02  -2.2002208e-01
   4.4647361e-01   8.9255469e-02  -2.2055605e-01
   4.4662036e-01   8.8510936e-02  -2.2108949e-01
   4.4691387e-01   8.7021863e-02  -2.2215480e-01
   4.4750089e-01   8.4043695e-02  -2.2427915e-01
   4.4867492e-01   7.8087267e-02  -2.2850309e-01
   4.4993314e-01   7.1703550e-02  -2.3299397e-01
   4.4993314e-01   7.1703550e-02  -2.3299397e-01
   4.5046089e-01   6.9025947e-02  -2.3485599e-01
   4.5046089e-01   6.9025947e-02  -2.3485599e-01
   4.5098864e-01   6.6348324e-02  -2.3668995e-01
   4.5151638e-01   6.3670682e-02  -2.3849555e-01
   4.5192710e-01   6.1586773e-02  -2.3988095e-01
   4.5192710e-01   6.1586773e-02  -2.3988095e-01
   4.5223984e-01   6.0000000e-02  -2.4092412e-01
   4.5223984e-01   6.0000000e-02  -2.4092412e-01
   4.5255258e-01   5.8413220e-02  -2.4195709e-01
   4.5286532e-01   5.6826435e-02  -2.4297979e-01
   4.5349080e-01   5.3652846e-02  -2.4499420e-01
   4.5474176e-01   4.7305604e-02  -2.4889759e-01
   4.5724368e-01   3.4610894e-02  -2.5619282e-01
   4.5787979e-01   3.1383210e-02  -2.5793726e-01
   4.5787979e-01   3.1383210e-02  -2.5793726e-01
   4.5815240e-01   3.0000000e-02  -2.5867101e-01
   4.5815240e-01   3.0000000e-02  -2.5867101e-01
   4.5842500e-01   2.8616787e-02  -2.5939646e-01
   4.5869760e-01   2.7233573e-02  -2.6011359e-01
   4.5924281e-01   2.4467137e-02  -2.6152290e-01
   4.6033322e-01   1.8934243e-02  -2.6424157e-01
   4.6251405e-01   7.8683901e-03  -2.6928002e-01
   4.6383228e-01   1.1794812e-03  -2.7206996e-01
   4.6383228e-01   1.1794812e-03  -2.7206996e-01
   4.6406473e-01   1.2266048e-15  -2.7254218e-01
   4.6406473e-01  -1.6800474e-14  -2.7254218e-01
   4.6429718e-01  -1.1790657e-03  -2.7300853e-01
   4.6452963e-01  -2.3573014e-03  -2.7346903e-01
   4.6499452e-01  -4.7112891e-03  -2.7437256e-01
   4.6592431e-01  -9.4093722e-03  -2.7611042e-01
   4.6778390e-01  -1.8766306e-02  -2.7931538e-01
   4.6983856e-01  -2.9044737e-02  -2.8245354e-01
   4.6983856e-01  -2.9044737e-02  -2.8245354e-01
   4.7003015e-01  -3.0000000e-02  -2.8272547e-01
   4.7003015e-01  -3.0000000e-02  -2.8272547e-01
   4.7022174e-01  -3.0954699e-02  -2.8299396e-01
   4.7041334e-01  -3.1908809e-02  -2.8325904e-01
   4.7079652e-01  -3.3815266e-02  -2.8377906e-01
   4.7156290e-01  -3.7621159e-02  -2.8477923e-01
   4.7309564e-01  -4.5205064e-02  -2.8662582e-01
   4.7595805e-01  -5.9269930e-02  -2.8956650e-01
   4.7595805e-01  -5.9269930e-02  -2.8956650e-01
   4.7610734e-01  -6.0000000e-02  -2.8970305e-01
   4.7610734e-01  -6.0000000e-02  -2.8970305e-01
   4.7625662e-01  -6.0729735e-02  -2.8983803e-01
   4.7640591e-01  -6.1459140e-02  -2.8997145e-01
   4.7670448e-01  -6.2916966e-02  -2.9023365e-01
   4.7730162e-01  -6.5828685e-02  -2.9073991e-01
   4.7849590e-01  -7.1636478e-02  -2.9168280e-01
   4.8088447e-01  -8.3190156e-02  -2.9331313e-01
   4.8217331e-01  -8.9390535e-02  -2.9406589e-01
   4.8217331e-01  -8.9390535e-02  -2.9406589e-01
   4.8219477e-01  -8.9493578e-02  -2.9407773e-01
   4.8219477e-01  -8.9493578e-02  -2.9407773e-01
   4.8229509e-01  -8.9975201e-02  -2.9413280e-01
   4.8230026e-01  -9.0000000e-02  -2.9413562e-01
   4.8230026e-01  -9.0000000e-02  -2.9413562e-01
   4.8240059e-01  -9.0481468e-02  -2.9419020e-01
   4.8250091e-01  -9.0962783e-02  -2.9424430e-01
   4.8270156e-01  -9.1924953e-02  -2.9435110e-01
   4.8310285e-01  -9.3847463e-02  -2.9455919e-01
   4.8390544e-01  -9.7685185e-02  -2.9495409e-01
   4.8551063e-01  -1.0533166e-01  -2.9566458e-01
   4.8855238e-01  -1.1971697e-01  -2.9675899e-01
   4.8855238e-01  -1.1971697e-01  -2.9675899e-01
   4.8861251e-01  -1.2000000e-01  -2.9677771e-01
   4.8861251e-01  -1.2000000e-01  -2.9677771e-01
   4.8871284e-01  -1.2047207e-01  -2.9680870e-01
   4.8881316e-01  -1.2094398e-01  -2.9683940e-01
   4.8901381e-01  -1.2188734e-01  -2.9689996e-01
   4.8941510e-01  -1.2377220e-01  -2.9701775e-01
   4.9021769e-01  -1.2753449e-01  -2.9724055e-01
   4.9182288e-01  -1.3502960e-01  -2.9763894e-01
   4.9503324e-01  -1.4990380e-01  -2.9827516e-01
   4.9504107e-01  -1.4993989e-01  -2.9827649e-01
   4.9504107e-01  -1.4993989e-01  -2.9827649e-01
   4.9505412e-01  -1.5000000e-01  -2.9827869e-01
   4.9505412e-01  -1.5000000e-01  -2.9827869e-01
   4.9515444e-01  -1.5046232e-01  -2.9829557e-01
   4.9525476e-01  -1.5092449e-01  -2.9831228e-01
   4.9545541e-01  -1.5184836e-01  -2.9834523e-01
   4.9585671e-01  -1.5369421e-01  -2.9840925e-01
   4.9665930e-01  -1.5737844e-01  -2.9853009e-01
   4.9826448e-01  -1.6471725e-01  -2.9874537e-01
   5.0147485e-01  -1.7927816e-01  -2.9908704e-01
   5.0163488e-01  -1.8000000e-01  -2.9910143e-01
   5.0163488e-01  -1.8000000e-01  -2.9910143e-01
   5.0167081e-01  -1.8016201e-01  -2.9910463e-01
   5.0167081e-01  -1.8016201e-01  -2.9910463e-01
   5.0177114e-01  -1.8061427e-01  -2.9911350e-01
   5.0187146e-01  -1.8106637e-01  -2.9912229e-01
   5.0207211e-01  -1.8197010e-01  -2.9913960e-01
   5.0247341e-01  -1.8377571e-01  -2.9917322e-01
   5.0327600e-01  -1.8737946e-01  -2.9923661e-01
   5.0488118e-01  -1.9455740e-01  -2.9934931e-01
   5.0809155e-01  -2.0879698e-01  -2.9952754e-01
   5.0836436e-01  -2.1000000e-01  -2.9954024e-01
   5.0836436e-01  -2.1000000e-01  -2.9954024e-01
   5.0845129e-01  -2.1038307e-01  -2.9954421e-01
   5.0845129e-01  -2.1038307e-01  -2.9954421e-01
   5.0855161e-01  -2.1082505e-01  -2.9954875e-01
   5.0865193e-01  -2.1126688e-01  -2.9955325e-01
   5.0885258e-01  -2.1215008e-01  -2.9956211e-01
   5.0925388e-01  -2.1391462e-01  -2.9957931e-01
   5.1005647e-01  -2.1743633e-01  -2.9961173e-01
   5.1125686e-01  -2.2268536e-01  -2.9965563e-01
   5.1125686e-01  -2.2268536e-01  -2.9965563e-01
   5.1149866e-01  -2.2373850e-01  -2.9966386e-01
   5.1149866e-01  -2.2373850e-01  -2.9966386e-01
   5.1174046e-01  -2.2478757e-01  -2.9967189e-01
   5.1198226e-01  -2.2583252e-01  -2.9967973e-01
   5.1246586e-01  -2.2790976e-01  -2.9969485e-01
   5.1248696e-01  -2.2800000e-01  -2.9969549e-01
   5.1248696e-01  -2.2800000e-01  -2.9969549e-01
   5.1260367e-01  -2.2849854e-01  -2.9969903e-01
   5.1260367e-01  -2.2849854e-01  -2.9969903e-01
   5.1272037e-01  -2.2899610e-01  -2.9970252e-01
   5.1283707e-01  -2.2949266e-01  -2.9970597e-01
   5.1307047e-01  -2.3048279e-01  -2.9971276e-01
   5.1353728e-01  -2.3245083e-01  -2.9972587e-01
   5.1390755e-01  -2.3400000e-01  -2.9973584e-01
   5.1390755e-01  -2.3400000e-01  -2.9973584e-01
   5.1403287e-01  -2.3452194e-01  -2.9973914e-01
   5.1403287e-01  -2.3452194e-01  -2.9973914e-01
   5.1415820e-01  -2.3504267e-01  -2.9974239e-01
   5.1428352e-01  -2.3556219e-01  -2.9974560e-01
   5.1453417e-01  -2.3659753e-01  -2.9975190e-01
   5.1503547e-01  -2.3865316e-01  -2.9976405e-01
   5.1536667e-01  -2.4000000e-01  -2.9977175e-01
   5.1536667e-01  -2.4000000e-01  -2.9977175e-01
   5.1550085e-01  -2.4054307e-01  -2.9977479e-01
   5.1550085e-01  -2.4054307e-01  -2.9977479e-01
   5.1563503e-01  -2.4108470e-01  -2.9977780e-01
   5.1576921e-01  -2.4162487e-01  -2.9978076e-01
   5.1603757e-01  -2.4270078e-01  -2.9978658e-01
   5.1657430e-01  -2.4483441e-01  -2.9979775e-01
   5.1687019e-01  -2.4600000e-01  -2.9980366e-01
   5.1687019e-01  -2.4600000e-01  -2.9980366e-01
   5.1701349e-01  -2.4656177e-01  -2.9980646e-01
   5.1701349e-01  -2.4656177e-01  -2.9980646e-01
   5.1715680e-01  -2.4712175e-01  -2.9980921e-01
   5.1730011e-01  -2.4767993e-01  -2.9981193e-01
   5.1758672e-01  -2.4879078e-01  -2.9981726e-01
   5.1815995e-01  -2.5098988e-01  -2.9982746e-01
   5.1842600e-01  -2.5200000e-01  -2.9983200e-01
   5.1842600e-01  -2.5200000e-01  -2.9983200e-01
   5.1857875e-01  -2.5257688e-01  -2.9983455e-01
   5.1857875e-01  -2.5257688e-01  -2.9983455e-01
   5.1873150e-01  -2.5315153e-01  -2.9983707e-01
   5.1888425e-01  -2.5372393e-01  -2.9983954e-01
   5.1918976e-01  -2.5486185e-01  -2.9984438e-01
   5.1980076e-01  -2.5710935e-01  -2.9985363e-01
   5.2004587e-01  -2.5800000e-01  -2.9985718e-01
   5.2004587e-01  -2.5800000e-01  -2.9985718e-01
   5.2020845e-01  -2.5858720e-01  -2.9985949e-01
   5.2020845e-01  -2.5858720e-01  -2.9985949e-01
   5.2037104e-01  -2.5917151e-01  -2.9986176e-01
   5.2053362e-01  -2.5975290e-01  -2.9986399e-01
   5.2085878e-01  -2.6090673e-01  -2.9986836e-01
   5.2150912e-01  -2.6317746e-01  -2.9987667e-01
   5.2174836e-01  -2.6400000e-01  -2.9987959e-01
   5.2174836e-01  -2.6400000e-01  -2.9987959e-01
   5.2192127e-01  -2.6459010e-01  -2.9988166e-01
   5.2192127e-01  -2.6459010e-01  -2.9988166e-01
   5.2209419e-01  -2.6517643e-01  -2.9988370e-01
   5.2226711e-01  -2.6575894e-01  -2.9988570e-01
   5.2261294e-01  -2.6691230e-01  -2.9988959e-01
   5.2330460e-01  -2.6917082e-01  -2.9989699e-01
   5.2356379e-01  -2.7000000e-01  -2.9989964e-01
   5.2356379e-01  -2.7000000e-01  -2.9989964e-01
   5.2374772e-01  -2.7058262e-01  -2.9990147e-01
   5.2374772e-01  -2.7058262e-01  -2.9990147e-01
   5.2393166e-01  -2.7116031e-01  -2.9990327e-01
   5.2411559e-01  -2.7173301e-01  -2.9990504e-01
   5.2448347e-01  -2.7286315e-01  -2.9990848e-01
   5.2521921e-01  -2.7506044e-01  -2.9991499e-01
   5.2554304e-01  -2.7600000e-01  -2.9991771e-01
   5.2554304e-01  -2.7600000e-01  -2.9991771e-01
   5.2573899e-01  -2.7656012e-01  -2.9991931e-01
   5.2573899e-01  -2.7656012e-01  -2.9991931e-01
   5.2593494e-01  -2.7711379e-01  -2.9992088e-01
   5.2613088e-01  -2.7766094e-01  -2.9992242e-01
   5.2652278e-01  -2.7873530e-01  -2.9992542e-01
   5.2730658e-01  -2.8080213e-01  -2.9993106e-01
   5.2778164e-01  -2.8200000e-01  -2.9993427e-01
   5.2778164e-01  -2.8200000e-01  -2.9993427e-01
   5.2799117e-01  -2.8251487e-01  -2.9993563e-01
   5.2799117e-01  -2.8251487e-01  -2.9993563e-01
   5.2820071e-01  -2.8302136e-01  -2.9993697e-01
   5.2841025e-01  -2.8351940e-01  -2.9993829e-01
   5.2882932e-01  -2.8448985e-01  -2.9994083e-01
   5.2966747e-01  -2.8632638e-01  -2.9994560e-01
   5.3049472e-01  -2.8800000e-01  -2.9994994e-01
   5.3049472e-01  -2.8800000e-01  -2.9994994e-01
   5.3072073e-01  -2.8843292e-01  -2.9995106e-01
   5.3072073e-01  -2.8843292e-01  -2.9995106e-01
   5.3094673e-01  -2.8885535e-01  -2.9995216e-01
   5.3117274e-01  -2.8926728e-01  -2.9995323e-01
   5.3162475e-01  -2.9005971e-01  -2.9995530e-01
   5.3252877e-01  -2.9151982e-01  -2.9995918e-01
   5.3433681e-01  -2.9395720e-01  -2.9996596e-01
   5.3437325e-01  -2.9400000e-01  -2.9996608e-01
   5.3437325e-01  -2.9400000e-01  -2.9996608e-01
   5.3462278e-01  -2.9428663e-01  -2.9996692e-01
   5.3462278e-01  -2.9428663e-01  -2.9996692e-01
   5.3487230e-01  -2.9456217e-01  -2.9996774e-01
   5.3512183e-01  -2.9482688e-01  -2.9996854e-01
   5.3562087e-01  -2.9532473e-01  -2.9997008e-01
   5.3661897e-01  -2.9620119e-01  -2.9997293e-01
   5.3861517e-01  -2.9753734e-01  -2.9997785e-01
   5.4260757e-01  -2.9901783e-01  -2.9998516e-01
   5.5059236e-01  -2.9984097e-01  -2.9999334e-01
   5.6401213e-01  -2.9972782e-01  -2.9999825e-01
   5.7110341e-01  -2.9994894e-01  -2.9999914e-01
   5.7819470e-01  -2.9999032e-01  -2.9999958e-01
   5.7872876e-01  -3.0000000e-01  -2.9999960e-01
   5.7872876e-01  -3.0000000e-01  -2.9999960e-01
   5.7937218e-01  -3.0000000e-01  -2.9999963e-01
   5.7937218e-01  -3.0000000e-01  -2.9999963e-01
   5.8001559e-01  -3.0000000e-01  -2.9999965e-01
   5.8065901e-01  -3.0000000e-01  -2.9999967e-01
   5.8194584e-01  -3.0000000e-01  -2.9999971e-01
   5.8451951e-01  -3.0000000e-01  -2.9999978e-01
   5.8966684e-01  -3.0000000e-01  -2.9999987e-01
   5.9996150e-01  -3.0000000e-01  -2.9999995e-01
   6.0006791e-01  -3.0000000e-01  -2.9999995e-01
   6.0006791e-01  -3.0000000e-01  -2.9999995e-01
   6.0883985e-01  -3.0000000e-01  -2.9999998e-01
   6.0883985e-01  -3.0000000e-01  -2.9999998e-01
   6.1761179e-01  -3.0000000e-01  -2.9935328e-01
   6.2638373e-01  -3.0000000e-01  -2.9799960e-01
   6.4392761e-01  -3.0000000e-01  -2.9467840e-01
   6.7901537e-01  -3.0000000e-01  -2.8768281e-01
   7.4919089e-01  -3.0000000e-01  -2.7397652e-01
   8.4460886e-01  -3.0000000e-01  -2.5604123e-01
   8.4460886e-01  -3.0000000e-01  -2.5604123e-01
   8.5325116e-01  -3.0000000e-01  -2.5456774e-01
   8.5325116e-01  -3.0000000e-01  -2.5456774e-01
   8.6189345e-01  -3.0000000e-01  -2.5330210e-01
   8.7053574e-01  -3.0000000e-01  -2.5239358e-01
   8.7546455e-01  -3.0000000e-01  -2.5199376e-01
   8.7546455e-01  -3.0000000e-01  -2.5199376e-01
   8.8517499e-01  -3.0000000e-01  -2.5139263e-01
   8.8517499e-01  -3.0000000e-01  -2.5139263e-01
   8.8631302e-01  -3.0000000e-01  -2.5133363e-01
   8.8631302e-01  -3.0000000e-01  -2.5133363e-01
   8.8745106e-01  -3.0000000e-01  -2.5127353e-01
   8.8858910e-01  -3.0000000e-01  -2.5121235e-01
   8.9086517e-01  -3.0000000e-01  -2.5108675e-01
   8.9541732e-01  -3.0000000e-01  -2.5082284e-01
   8.9885243e-01  -3.0000000e-01  -2.5061272e-01
   8.9885243e-01  -3.0000000e-01  -2.5061272e-01
   9.0741126e-01  -2.9807843e-01  -2.5004954e-01
   9.0741126e-01  -2.9807843e-01  -2.5004954e-01
   9.0741126e-01  -2.9807843e-01  -2.5004954e-01
   9.1316764e-01  -2.9757949e-01  -2.4964018e-01
   9.1316764e-01  -2.9757949e-01  -2.4964018e-01
   9.1892403e-01  -2.9656177e-01  -2.4920731e-01
   9.1923364e-01  -2.9650249e-01  -2.4918338e-01
   9.1923364e-01  -2.9650249e-01  -2.4918338e-01
   9.2499002e-01  -2.9536515e-01  -2.4872670e-01
   9.2572738e-01  -2.9521657e-01  -2.4866662e-01
   9.2572738e-01  -2.9521657e-01  -2.4866662e-01
   9.3148376e-01  -2.9404787e-01  -2.4818555e-01
   9.3171866e-01  -2.9400000e-01  -2.4816548e-01
   9.3171866e-01  -2.9400000e-01  -2.4816548e-01
   9.3747505e-01  -2.9282575e-01  -2.4766288e-01
   9.4052313e-01  -2.9220414e-01  -2.4738867e-01
   9.4052313e-01  -2.9220414e-01  -2.4738867e-01
   9.4627951e-01  -2.9103209e-01  -2.4685606e-01
   9.4872334e-01  -2.9053548e-01  -2.4662428e-01
   9.4872334e-01  -2.9053548e-01  -2.4662428e-01
   9.5308406e-01  -2.8965096e-01  -2.4620255e-01
   9.5308406e-01  -2.8965096e-01  -2.4620255e-01
   9.5744478e-01  -2.8876749e-01  -2.4577067e-01
   9.6123570e-01  -2.8800000e-01  -2.4538724e-01
   9.6123570e-01  -2.8800000e-01  -2.4538724e-01
   9.6559642e-01  -2.8711981e-01  -2.4493727e-01
   9.6841255e-01  -2.8655336e-01  -2.4464176e-01
   9.6841255e-01  -2.8655336e-01  -2.4464176e-01
   9.7277327e-01  -2.8567885e-01  -2.4417677e-01
   9.7713399e-01  -2.8480718e-01  -2.4370305e-01
   9.7876316e-01  -2.8448220e-01  -2.4352390e-01
   9.7876316e-01  -2.8448220e-01  -2.4352390e-01
   9.8097449e-01  -2.8404167e-01  -2.4327887e-01
   9.8097449e-01  -2.8404167e-01  -2.4327887e-01
   9.8318581e-01  -2.8360178e-01  -2.4303173e-01
   9.8539713e-01  -2.8316252e-01  -2.4278254e-01
   9.8981978e-01  -2.8228586e-01  -2.4227810e-01
   9.9126460e-01  -2.8200000e-01  -2.4211159e-01
   9.9126460e-01  -2.8200000e-01  -2.4211159e-01
   9.9685805e-01  -2.8089574e-01  -2.4145930e-01
   9.9685805e-01  -2.8089574e-01  -2.4145930e-01
   1.0024515e+00  -2.7979531e-01  -2.4079521e-01
   1.0080450e+00  -2.7869866e-01  -2.4011984e-01
   1.0094020e+00  -2.7843317e-01  -2.3995435e-01
   1.0094020e+00  -2.7843317e-01  -2.3995435e-01
   1.0094212e+00  -2.7842941e-01  -2.3995200e-01
   1.0094212e+00  -2.7842941e-01  -2.3995200e-01
   1.0094405e+00  -2.7842565e-01  -2.3994966e-01
   1.0094597e+00  -2.7842189e-01  -2.3994731e-01
   1.0094981e+00  -2.7841437e-01  -2.3994261e-01
   1.0095751e+00  -2.7839933e-01  -2.3993321e-01
   1.0097289e+00  -2.7836925e-01  -2.3991440e-01
   1.0100365e+00  -2.7830911e-01  -2.3987676e-01
   1.0106518e+00  -2.7818885e-01  -2.3980139e-01
   1.0118824e+00  -2.7794847e-01  -2.3965026e-01
   1.0143436e+00  -2.7746827e-01  -2.3934651e-01
   1.0192659e+00  -2.7651002e-01  -2.3873315e-01
   1.0218919e+00  -2.7600000e-01  -2.3840282e-01
   1.0218919e+00  -2.7600000e-01  -2.3840282e-01
   1.0258833e+00  -2.7522636e-01  -2.3789675e-01
   1.0258833e+00  -2.7522636e-01  -2.3789675e-01
   1.0298746e+00  -2.7445460e-01  -2.3738599e-01
   1.0338660e+00  -2.7368474e-01  -2.3687074e-01
   1.0384480e+00  -2.7280330e-01  -2.3627391e-01
   1.0384480e+00  -2.7280330e-01  -2.3627391e-01
   1.0406281e+00  -2.7238477e-01  -2.3598799e-01
   1.0406281e+00  -2.7238477e-01  -2.3598799e-01
   1.0428082e+00  -2.7196681e-01  -2.3570086e-01
   1.0449883e+00  -2.7154940e-01  -2.3541253e-01
   1.0493485e+00  -2.7071627e-01  -2.3483241e-01
   1.0531065e+00  -2.7000000e-01  -2.3432881e-01
   1.0531065e+00  -2.7000000e-01  -2.3432881e-01
   1.0555139e+00  -2.6954203e-01  -2.3400452e-01
   1.0555139e+00  -2.6954203e-01  -2.3400452e-01
   1.0579213e+00  -2.6908474e-01  -2.3367895e-01
   1.0603286e+00  -2.6862812e-01  -2.3335212e-01
   1.0651434e+00  -2.6771692e-01  -2.3269482e-01
   1.0680804e+00  -2.6716240e-01  -2.3229156e-01
   1.0680804e+00  -2.6716240e-01  -2.3229156e-01
   1.0724658e+00  -2.6633632e-01  -2.3168633e-01
   1.0724658e+00  -2.6633632e-01  -2.3168633e-01
   1.0768511e+00  -2.6551246e-01  -2.3107752e-01
   1.0812365e+00  -2.6469084e-01  -2.3046530e-01
   1.0849330e+00  -2.6400000e-01  -2.2994670e-01
   1.0849330e+00  -2.6400000e-01  -2.2994670e-01
   1.0857775e+00  -2.6384241e-01  -2.2982792e-01
   1.0857775e+00  -2.6384241e-01  -2.2982792e-01
   1.0866219e+00  -2.6368489e-01  -2.2970902e-01
   1.0874663e+00  -2.6352747e-01  -2.2959001e-01
   1.0891552e+00  -2.6321285e-01  -2.2935165e-01
   1.0925329e+00  -2.6258462e-01  -2.2887362e-01
   1.0983461e+00  -2.6150648e-01  -2.2804696e-01
   1.0983461e+00  -2.6150648e-01  -2.2804696e-01
   1.1049426e+00  -2.6028776e-01  -2.2710324e-01
   1.1049426e+00  -2.6028776e-01  -2.2710324e-01
   1.1115391e+00  -2.5907402e-01  -2.2615393e-01
   1.1167034e+00  -2.5812727e-01  -2.2540711e-01
   1.1167034e+00  -2.5812727e-01  -2.2540711e-01
   1.1173989e+00  -2.5800000e-01  -2.2530631e-01
   1.1173989e+00  -2.5800000e-01  -2.2530631e-01
   1.1180944e+00  -2.5787278e-01  -2.2520545e-01
   1.1187899e+00  -2.5774562e-01  -2.2510454e-01
   1.1201809e+00  -2.5749146e-01  -2.2490256e-01
   1.1229629e+00  -2.5698381e-01  -2.2449799e-01
   1.1285269e+00  -2.5597113e-01  -2.2368653e-01
   1.1292745e+00  -2.5583532e-01  -2.2357727e-01
   1.1292745e+00  -2.5583532e-01  -2.2357727e-01
   1.1306715e+00  -2.5558179e-01  -2.2337298e-01
   1.1306715e+00  -2.5558179e-01  -2.2337298e-01
   1.1320684e+00  -2.5532857e-01  -2.2316851e-01
   1.1334654e+00  -2.5507565e-01  -2.2296386e-01
   1.1362593e+00  -2.5457070e-01  -2.2255407e-01
   1.1402309e+00  -2.5385487e-01  -2.2197041e-01
   1.1402309e+00  -2.5385487e-01  -2.2197041e-01
   1.1432240e+00  -2.5331688e-01  -2.2152973e-01
   1.1432240e+00  -2.5331688e-01  -2.2152973e-01
   1.1462171e+00  -2.5282165e-01  -2.2108838e-01
   1.1492102e+00  -2.5240173e-01  -2.2064640e-01
   1.1526214e+00  -2.5200000e-01  -2.2014193e-01
   1.1526214e+00  -2.5200000e-01  -2.2014193e-01
   1.1534202e+00  -2.5191624e-01  -2.2002369e-01
   1.1534202e+00  -2.5191624e-01  -2.2002369e-01
   1.1542190e+00  -2.5183603e-01  -2.1990541e-01
   1.1550178e+00  -2.5175922e-01  -2.1978709e-01
   1.1566153e+00  -2.5161518e-01  -2.1955034e-01
   1.1598105e+00  -2.5136177e-01  -2.1907639e-01
   1.1658409e+00  -2.5098732e-01  -2.1818036e-01
   1.1658409e+00  -2.5098732e-01  -2.1818036e-01
   1.1722312e+00  -2.5062678e-01  -2.1722889e-01
   1.1786215e+00  -2.5021918e-01  -2.1627568e-01
   1.1802550e+00  -2.5010775e-01  -2.1603177e-01
   1.1802550e+00  -2.5010775e-01  -2.1603177e-01
   1.1928308e+00  -2.4915701e-01  -2.1415115e-01
   1.1928308e+00  -2.4915701e-01  -2.1415115e-01
   1.2054066e+00  -2.4805368e-01  -2.1226678e-01
   1.2179825e+00  -2.4681364e-01  -2.1038030e-01
   1.2431342e+00  -2.4398325e-01  -2.0660687e-01
   1.2617861e+00  -2.4163364e-01  -2.0381318e-01
   1.2617861e+00  -2.4163364e-01  -2.0381318e-01
   1.2739983e+00  -2.4000000e-01  -2.0198818e-01
   1.2739983e+00  -2.4000000e-01  -2.0198818e-01
   1.2862105e+00  -2.3830236e-01  -2.0016752e-01
   1.2984227e+00  -2.3654957e-01  -1.9835205e-01
   1.3228471e+00  -2.3290766e-01  -1.9473963e-01
   1.3474693e+00  -2.2909490e-01  -1.9112728e-01
   1.3474693e+00  -2.2909490e-01  -1.9112728e-01
   1.3600814e+00  -2.2710122e-01  -1.8928984e-01
   1.3600814e+00  -2.2710122e-01  -1.8928984e-01
   1.3726936e+00  -2.2508664e-01  -1.8746181e-01
   1.3853057e+00  -2.2305564e-01  -1.8564368e-01
   1.4105300e+00  -2.1895994e-01  -1.8203874e-01
   1.4166021e+00  -2.1796968e-01  -1.8117742e-01
   1.4166021e+00  -2.1796968e-01  -1.8117742e-01
   1.4286640e+00  -2.1600000e-01  -1.7947420e-01
   1.4286640e+00  -2.1600000e-01  -1.7947420e-01
   1.4407260e+00  -2.1402802e-01  -1.7778145e-01
   1.4527879e+00  -2.1205521e-01  -1.7609942e-01
   1.4533156e+00  -2.1196892e-01  -1.7602608e-01
   1.4533156e+00  -2.1196892e-01  -1.7602608e-01
   1.4653619e+00  -2.1000000e-01  -1.7435759e-01
   1.4653619e+00  -2.1000000e-01  -1.7435759e-01
   1.4774083e+00  -2.0803425e-01  -1.7270018e-01
   1.4894546e+00  -2.0607331e-01  -1.7105399e-01
   1.5135473e+00  -2.0217162e-01  -1.6779585e-01
   1.5362536e+00  -1.9852633e-01  -1.6476764e-01
   1.5362536e+00  -1.9852633e-01  -1.6476764e-01
   1.5489520e+00  -1.9650381e-01  -1.6309233e-01
   1.5489520e+00  -1.9650381e-01  -1.6309233e-01
   1.5616503e+00  -1.9449407e-01  -1.6143016e-01
   1.5743487e+00  -1.9249797e-01  -1.5978121e-01
   1.5997454e+00  -1.8854953e-01  -1.5652316e-01
   1.6441434e+00  -1.8179840e-01  -1.5095574e-01
   1.6441434e+00  -1.8179840e-01  -1.5095574e-01
   1.6562011e+00  -1.8000000e-01  -1.4947194e-01
   1.6562011e+00  -1.8000000e-01  -1.4947194e-01
   1.6682589e+00  -1.7821638e-01  -1.4800018e-01
   1.6803166e+00  -1.7644716e-01  -1.4654045e-01
   1.7044320e+00  -1.7295311e-01  -1.4365701e-01
   1.7526629e+00  -1.6614833e-01  -1.3803333e-01
   1.7588416e+00  -1.6529460e-01  -1.3732661e-01
   1.7588416e+00  -1.6529460e-01  -1.3732661e-01
   1.7716681e+00  -1.6353550e-01  -1.3586938e-01
   1.7716681e+00  -1.6353550e-01  -1.3586938e-01
   1.7844945e+00  -1.6179421e-01  -1.3442543e-01
   1.7973210e+00  -1.6007074e-01  -1.3299470e-01
   1.8229739e+00  -1.5667727e-01  -1.3017264e-01
   1.8629215e+00  -1.5153395e-01  -1.2588155e-01
   1.8629215e+00  -1.5153395e-01  -1.2588155e-01
   1.8750986e+00  -1.5000000e-01  -1.2459830e-01
   1.8750986e+00  -1.5000000e-01  -1.2459830e-01
   1.8872758e+00  -1.4848172e-01  -1.2332651e-01
   1.8994529e+00  -1.4697901e-01  -1.2206613e-01
   1.9117618e+00  -1.4547574e-01  -1.2080362e-01
   1.9117618e+00  -1.4547574e-01  -1.2080362e-01
   1.9239723e+00  -1.4400000e-01  -1.1956259e-01
   1.9239723e+00  -1.4400000e-01  -1.1956259e-01
   1.9361828e+00  -1.4253909e-01  -1.1833282e-01
   1.9483933e+00  -1.4109251e-01  -1.1711424e-01
   1.9728142e+00  -1.3824229e-01  -1.1471035e-01
   2.0216561e+00  -1.3271263e-01  -1.1003366e-01
   2.0322900e+00  -1.3153860e-01  -1.0903826e-01
   2.0322900e+00  -1.3153860e-01  -1.0903826e-01
   2.0452780e+00  -1.3011900e-01  -1.0783341e-01
   2.0452780e+00  -1.3011900e-01  -1.0783341e-01
   2.0582660e+00  -1.2871506e-01  -1.0664049e-01
   2.0712539e+00  -1.2732666e-01  -1.0545939e-01
   2.0972299e+00  -1.2459593e-01  -1.0313232e-01
   2.1299402e+00  -1.2124320e-01  -1.0026761e-01
   2.1299402e+00  -1.2124320e-01  -1.0026761e-01
   2.1423085e+00  -1.2000000e-01  -9.9203215e-02
   2.1423085e+00  -1.2000000e-01  -9.9203215e-02
   2.1546769e+00  -1.1877006e-01  -9.8149011e-02
   2.1670453e+00  -1.1755324e-01  -9.7104925e-02
   2.1917820e+00  -1.1515846e-01  -9.5046794e-02
   2.2412556e+00  -1.1052051e-01  -9.1048524e-02
   2.2566003e+00  -1.0912201e-01  -8.9839781e-02
   2.2566003e+00  -1.0912201e-01  -8.9839781e-02
   2.2690607e+00  -1.0800000e-01  -8.8868982e-02
   2.2690607e+00  -1.0800000e-01  -8.8868982e-02
   2.2815212e+00  -1.0688977e-01  -8.7907726e-02
   2.2939816e+00  -1.0579094e-01  -8.6955938e-02
   2.3189025e+00  -1.0362726e-01  -8.5080453e-02
   2.3687443e+00  -9.9433986e-02  -8.1439703e-02
   2.3871836e+00  -9.7927126e-02  -8.0129252e-02
   2.3871836e+00  -9.7927126e-02  -8.0129252e-02
   2.4003667e+00  -9.6864279e-02  -7.9204214e-02
   2.4003667e+00  -9.6864279e-02  -7.9204214e-02
   2.4135498e+00  -9.5813375e-02  -7.8288960e-02
   2.4267328e+00  -9.4774286e-02  -7.7383405e-02
   2.4530990e+00  -9.2731068e-02  -7.5601039e-02
   2.4766869e+00  -9.0941984e-02  -7.4038498e-02
   2.4766869e+00  -9.0941984e-02  -7.4038498e-02
   2.4893014e+00  -9.0000000e-02  -7.3215102e-02
   2.4893014e+00  -9.0000000e-02  -7.3215102e-02
   2.5019159e+00  -8.9068186e-02  -7.2400132e-02
   2.5145304e+00  -8.8146430e-02  -7.1593516e-02
   2.5397594e+00  -8.6332656e-02  -7.0005047e-02
   2.5902175e+00  -8.2821001e-02  -6.6925142e-02
   2.6911335e+00  -7.6237478e-02  -6.1137583e-02
   2.7481818e+00  -7.2756831e-02  -5.8074786e-02
   2.7481818e+00  -7.2756831e-02  -5.8074786e-02
   2.7609734e+00  -7.2000000e-02  -5.7407881e-02
   2.7609734e+00  -7.2000000e-02  -5.7407881e-02
   2.7737651e+00  -7.1251369e-02  -5.6748099e-02
   2.7865567e+00  -7.0510516e-02  -5.6095381e-02
   2.8121400e+00  -6.9051985e-02  -5.4810864e-02
   2.8633065e+00  -6.6226152e-02  -5.2323680e-02
   2.8915756e+00  -6.4715903e-02  -5.0995126e-02
   2.8915756e+00  -6.4715903e-02  -5.0995126e-02
   2.9050026e+00  -6.4011030e-02  -5.0375210e-02
   2.9050026e+00  -6.4011030e-02  -5.0375210e-02
   2.9184295e+00  -6.3314423e-02  -4.9762347e-02
   2.9318565e+00  -6.2626260e-02  -4.9156467e-02
   2.9587104e+00  -6.1274523e-02  -4.7965371e-02
   2.9717059e+00  -6.0631819e-02  -4.7398719e-02
   2.9717059e+00  -6.0631819e-02  -4.7398719e-02
   2.9846273e+00  -6.0000000e-02  -4.6841528e-02
   2.9846273e+00  -6.0000000e-02  -4.6841528e-02
   2.9975486e+00  -5.9374938e-02  -4.6290485e-02
   3.0104700e+00  -5.8756269e-02  -4.5745531e-02
   3.0363127e+00  -5.7538020e-02  -4.4673644e-02
   3.0879982e+00  -5.5176940e-02  -4.2600309e-02
   3.1913691e+00  -5.0745736e-02  -3.8722548e-02
   3.3981109e+00  -4.2946403e-02  -3.1946026e-02
   3.5966440e+00  -3.6379328e-02  -2.6512996e-02
   3.5966440e+00  -3.6379328e-02  -2.6512996e-02
   3.6128238e+00  -3.6000000e-02  -2.6111280e-02
   3.6128238e+00  -3.6000000e-02  -2.6111280e-02
   3.6290036e+00  -3.5561033e-02  -2.5715388e-02
   3.6451834e+00  -3.5122767e-02  -2.5325248e-02
   3.6775431e+00  -3.4252050e-02  -2.4561918e-02
   3.7422623e+00  -3.2550440e-02  -2.3100933e-02
   3.7617626e+00  -3.2051062e-02  -2.2677343e-02
   3.7617626e+00  -3.2051062e-02  -2.2677343e-02
   3.7755515e+00  -3.1701862e-02  -2.2382335e-02
   3.7755515e+00  -3.1701862e-02  -2.2382335e-02
   3.7893403e+00  -3.1355970e-02  -2.2091017e-02
   3.8031291e+00  -3.1013540e-02  -2.1803349e-02
   3.8307068e+00  -3.0339181e-02  -2.1238786e-02
   3.8314108e+00  -3.0322151e-02  -2.1224559e-02
   3.8314108e+00  -3.0322151e-02  -2.1224559e-02
   3.8447997e+00  -3.0000000e-02  -2.0955738e-02
   3.8447997e+00  -3.0000000e-02  -2.0955738e-02
   3.8581886e+00  -2.9681168e-02  -2.0690197e-02
   3.8715776e+00  -2.9365649e-02  -2.0427900e-02
   3.8983555e+00  -2.8744499e-02  -1.9912886e-02
   3.9519112e+00  -2.7541202e-02  -1.8920167e-02
   4.0590227e+00  -2.5284664e-02  -1.7076154e-02
   4.2732457e+00  -2.1318487e-02  -1.3895949e-02
   4.7016916e+00  -1.5335561e-02  -9.1706350e-03
   4.8612816e+00  -1.3407237e-02  -7.8479761e-03
   5.0208715e+00  -1.1792481e-02  -6.7131325e-03
   5.4281205e+00  -9.2300200e-03  -4.4988653e-03
   5.5558311e+00  -7.8412642e-03  -3.9665950e-03
   5.6835418e+00  -7.0036946e-03  -3.4967272e-03
   6.0064782e+00  -5.8092590e-03  -2.5405747e-03
   6.1694425e+00  -4.8856654e-03  -2.1617291e-03
   6.3324067e+00  -4.2281510e-03  -1.8390863e-03
   6.6353996e+00  -3.8600392e-03  -1.3612319e-03
   6.7945866e+00  -3.0790885e-03  -1.1620241e-03
   6.9537735e+00  -2.6197437e-03  -9.9188409e-04
   7.2361607e+00  -2.5425625e-03  -7.4889198e-04
   7.4096443e+00  -2.0282673e-03  -6.3009102e-04
   7.5831280e+00  -1.6777925e-03  -5.3010568e-04
   7.8412431e+00  -1.9214321e-03  -4.0989810e-04
   8.0161410e+00  -1.4511938e-03  -3.4433096e-04
   8.1910390e+00  -1.1448467e-03  -2.8924246e-04
   8.4287363e+00  -1.4162461e-03  -2.2821443e-04
   8.6134994e+00  -1.1516936e-03  -1.8981537e-04
   8.7982625e+00  -9.3602929e-04  -1.5787406e-04
   9.0181982e+00  -1.2585820e-03  -1.2677905e-04
   9.2437258e+00  -2.8675522e-03  -1.0124026e-04
   9.3904879e+00  -9.5035972e-04  -8.7453024e-05
   9.5372500e+00  -4.7009185e-04  -7.5542926e-05
   9.7557425e+00  -5.5601989e-04  -6.0748173e-05
   1.0029556e+01  -3.1247525e-03  -4.6227421e-05
   1.0149004e+01  -6.8563474e-04  -4.1034165e-05
   1.0268452e+01  -2.6498631e-04  -3.6424257e-05
   1.0501125e+01  -4.0589851e-04  -2.8878526e-05
   1.0717219e+01  -6.3573454e-04  -2.3277731e-05
   1.0933314e+01  -1.2142810e-03  -1.8763107e-05
   1.1138302e+01  -2.0787500e-03  -1.5292564e-05
   1.1311115e+01  -1.2482693e-03  -1.2870554e-05
   1.1470247e+01  -4.6147280e-04  -1.0981005e-05
   1.1654850e+01  -3.5060558e-04  -9.1337452e-06
   1.1881310e+01  -8.4846292e-04  -7.2864783e-06
   1.2060642e+01  -5.6302306e-04  -6.0926707e-06
   1.2239974e+01  -3.6570297e-04  -5.0944518e-06
   1.2454338e+01  -6.6251232e-04  -4.1134543e-06
   1.2681610e+01  -2.1194781e-03  -3.2788557e-06
   1.2831463e+01  -5.6241354e-04  -2.8234876e-06
   1.2981316e+01  -1.5874503e-04  -2.4313607e-06
   1.3201397e+01  -3.1363454e-04  -1.9520020e-06
   1.3417254e+01  -6.0900655e-04  -1.5737715e-06
   1.3633111e+01  -1.3397166e-03  -1.2688286e-06
   1.3830796e+01  -1.9274697e-03  -1.0416902e-06
   1.3998042e+01  -9.0667043e-04  -8.8158604e-07
   1.4160406e+01  -3.3937899e-04  -7.4973214e-07
   1.4355029e+01  -3.4555049e-04  -6.1740268e-07
   1.4587086e+01  -1.1369198e-03  -4.8978961e-07
   1.4753190e+01  -4.8243593e-04  -4.1498317e-07
   1.4919293e+01  -1.9988220e-04  -3.5160204e-07
   1.5140956e+01  -4.5140113e-04  -2.8183593e-07
   1.5341456e+01  -5.7355621e-04  -2.3073420e-07
   1.5541957e+01  -7.5139174e-04  -1.8889809e-07
   1.5746090e+01  -1.1718325e-03  -1.5408802e-07
   1.5936732e+01  -1.2325743e-03  -1.2739612e-07
   1.6111877e+01  -7.2727770e-04  -1.0696926e-07
   1.6289724e+01  -4.4737719e-04  -8.9575913e-08
   1.6489449e+01  -5.5290351e-04  -7.3390945e-08
   1.6705735e+01  -1.2234635e-03  -5.9144942e-08
   1.6907174e+01  -1.9847361e-03  -4.8375592e-08
   1.7076849e+01  -1.0314474e-03  -4.0841300e-08
   1.7237098e+01  -3.5942495e-04  -3.4806243e-08
   1.7426595e+01  -3.1210478e-04  -2.8809843e-08
   1.7656359e+01  -9.5244124e-04  -2.2907382e-08
   1.7828773e+01  -4.9498318e-04  -1.9286857e-08
   1.8001188e+01  -2.4894440e-04  -1.6238557e-08
   1.8219712e+01  -5.2756069e-04  -1.3057275e-08
   1.8460317e+01  -2.5600781e-03  -1.0270438e-08
   1.8599200e+01  -5.0391879e-04  -8.9414092e-09
   1.8738082e+01  -1.0068762e-04  -7.7843610e-09
   1.8963726e+01  -2.5514789e-04  -6.2150181e-09
   1.9182429e+01  -5.5540280e-04  -4.9965477e-09
   1.9401132e+01  -1.3506130e-03  -4.0169616e-09
   1.9600939e+01  -2.1435615e-03  -3.2908896e-09
   1.9766580e+01  -9.6202595e-04  -2.7895530e-09
   1.9925043e+01  -3.1385194e-04  -2.3815879e-09
   2.0117680e+01  -3.0018438e-04  -1.9651214e-09
   2.0352661e+01  -1.0786318e-03  -1.5544021e-09
   2.0519004e+01  -4.5695676e-04  -1.3166799e-09
   2.0685348e+01  -1.8781529e-04  -1.1153136e-09
   2.0908855e+01  -4.5506295e-04  -8.9236549e-10
   2.1107973e+01  -5.5522848e-04  -7.3157250e-10
   2.1307090e+01  -6.9322286e-04  -5.9975237e-10
   2.1512777e+01  -1.1264411e-03  -4.8847237e-10
   2.1706407e+01  -1.3174086e-03  -4.0265442e-10
   2.1882179e+01  -8.0334597e-04  -3.3788109e-10
   2.2056985e+01  -4.4778829e-04  -2.8380065e-10
   2.2253037e+01  -4.9075947e-04  -2.3337630e-10
   2.2470062e+01  -1.0894595e-03  -1.8793659e-10
   2.2676859e+01  -2.0867470e-03  -1.5289671e-10
   2.2849812e+01  -1.2558861e-03  -1.2866219e-10
   2.3006899e+01  -3.9808433e-04  -1.0999650e-10
   2.3189156e+01  -2.7425820e-04  -9.1706430e-11
   2.3415632e+01  -7.4579199e-04  -7.3157575e-11
   2.3597141e+01  -5.2166359e-04  -6.1038550e-11
   2.3778651e+01  -3.5510246e-04  -5.0927119e-11
   2.3992276e+01  -6.7316741e-04  -4.1150686e-11
   2.4215824e+01  -2.0093957e-03  -3.2923422e-11
   2.4405492e+01  -2.4726501e-03  -2.7246719e-11
   2.4557857e+01  -6.9672685e-04  -2.3403939e-11
   2.4715323e+01  -2.2016313e-04  -2.0001051e-11
   2.4922065e+01  -3.2307305e-04  -1.6272840e-11
   2.5171901e+01  -1.8212946e-03  -1.2682354e-11
   2.5316318e+01  -4.0470954e-04  -1.0980397e-11
   2.5460736e+01  -9.1028744e-05  -9.5068399e-12
   2.5695434e+01  -2.9338026e-04  -7.5219909e-12
   2.5905355e+01  -4.8970001e-04  -6.1005057e-12
   2.6115276e+01  -8.6690677e-04  -4.9476490e-12
   2.6323650e+01  -1.6409469e-03  -4.0188541e-12
   2.6506181e+01  -1.3726513e-03  -3.3496884e-12
   2.6669642e+01  -5.3693665e-04  -2.8455779e-12
   2.6846423e+01  -3.1223914e-04  -2.3854183e-12
   2.7059897e+01  -5.8121341e-04  -1.9277823e-12
   2.7289873e+01  -2.0614351e-03  -1.5325004e-12
   2.7439079e+01  -5.2092151e-04  -1.3205153e-12
   2.7588286e+01  -1.3114536e-04  -1.1378533e-12
   2.7810030e+01  -2.9545454e-04  -9.1200258e-13
   2.8025234e+01  -5.8153708e-04  -7.3576620e-13
   2.8240438e+01  -1.2658707e-03  -5.9358593e-13
   2.8439288e+01  -1.8837013e-03  -4.8675957e-13
   2.8608173e+01  -9.3766126e-04  -4.1127291e-13
   2.8770667e+01  -3.4805464e-04  -3.4971561e-13
   2.8963382e+01  -3.3545623e-04  -2.8853858e-13
   2.9193437e+01  -1.0533398e-03  -2.2935719e-13
   2.9362514e+01  -4.9030782e-04  -1.9375134e-13
   2.9531591e+01  -2.2066974e-04  -1.6367302e-13
   2.9751228e+01  -4.8078047e-04  -1.3146195e-13
   2.9997554e+01  -2.7215199e-03  -1.0281519e-13
   3.0132264e+01  -4.9689906e-04  -8.9883994e-14
   3.0266973e+01  -9.1322481e-05  -7.8579168e-14
   3.0494075e+01  -2.4530658e-04  -6.2646286e-14
   3.0713303e+01  -5.4415182e-04  -5.0337926e-14
   3.0932532e+01  -1.3446884e-03  -4.0447837e-14
   3.1132992e+01  -2.1897903e-03  -3.3115265e-14
   3.1298539e+01  -9.8292281e-04  -2.8073079e-14
   3.1456176e+01  -3.1215000e-04  -2.3987205e-14
   3.1648086e+01  -2.9161092e-04  -1.9806963e-14
   3.1883350e+01  -1.0550948e-03  -1.5662779e-14
   3.2050235e+01  -4.5436714e-04  -1.3260237e-14
   3.2217119e+01  -1.8962752e-04  -1.1226225e-14
   3.2440680e+01  -4.6166220e-04  -8.9816498e-15
   3.2639237e+01  -5.5387213e-04  -7.3673899e-15
   3.2837794e+01  -6.7841814e-04  -6.0432589e-15
   3.3043713e+01  -1.1069376e-03  -4.9208302e-15
   3.3238238e+01  -1.3337927e-03  -4.0526895e-15
   3.3414466e+01  -8.2919054e-04  -3.3992008e-15
   3.3588612e+01  -4.5273582e-04  -2.8570173e-15
   3.3783457e+01  -4.7717891e-04  -2.3522258e-15
   3.4000259e+01  -1.0464720e-03  -1.8946554e-15
   3.4208459e+01  -2.0837493e-03  -1.5392495e-15
   3.4382743e+01  -1.3258664e-03  -1.2935547e-15
   3.4539412e+01  -4.1546775e-04  -1.1063538e-15
   3.4719605e+01  -2.6798904e-04  -9.2429262e-16
   3.4944529e+01  -6.9360665e-04  -7.3848441e-16
   3.5129016e+01  -5.3461552e-04  -6.1432184e-16
   3.5313503e+01  -4.0305241e-04  -5.1103492e-16
   3.5525191e+01  -7.2990315e-04  -4.1373081e-16
   3.5742991e+01  -1.8303395e-03  -3.3291771e-16
   3.5930673e+01  -1.9761788e-03  -2.7606230e-16
   3.6087784e+01  -6.4134889e-04  -2.3600675e-16
   3.6252228e+01  -2.5143672e-04  -2.0029249e-16
   3.6460976e+01  -3.9471756e-04  -1.6263210e-16
   3.6703661e+01  -1.8779662e-03  -1.2765607e-16
   3.6850368e+01  -4.4276916e-04  -1.1027257e-16
   3.6997075e+01  -1.0560698e-04  -9.5256265e-17
   3.7227073e+01  -2.9743600e-04  -7.5722798e-17
   3.7438643e+01  -5.2242422e-04  -6.1311917e-17
   3.7650214e+01  -9.8595741e-04  -4.9643585e-17
   3.7855167e+01  -1.7076337e-03  -4.0462168e-17
   3.8033061e+01  -1.1942118e-03  -3.3881346e-17
   3.8196490e+01  -4.6245817e-04  -2.8783306e-17
   3.8378941e+01  -3.2268307e-04  -2.3992599e-17
   3.8597956e+01  -7.1625802e-04  -1.9282779e-17
   3.8824839e+01  -2.4488824e-03  -1.5376321e-17
   3.8970415e+01  -5.6246900e-04  -1.3297463e-17
   3.9115991e+01  -1.2930164e-04  -1.1499664e-17
   3.9335067e+01  -2.7056353e-04  -9.2416860e-18
   3.9554492e+01  -6.0316493e-04  -7.4244765e-18
   3.9773917e+01  -1.5286400e-03  -5.9645883e-18
   3.9969725e+01  -2.1647799e-03  -4.9060177e-18
   4.0000000e+01  -1.3004119e-03  -4.7600316e-18
