   0.0000000e+00   0.0000000e+00   0.0000000e+00
   3.1554436e-30  -3.2185525e-26  -8.4986615e-28
   1.3877788e-18  -1.4155344e-14  -3.7377508e-16
   1.3877788e-18  -1.4155344e-14  -3.7377508e-16
   2.0095091e-06  -2.0489404e-02  -5.4129722e-04
   1.2057055e-05  -1.2270930e-01  -3.2498674e-03
   6.2294784e-05  -6.2820201e-01  -1.6845017e-02
   3.1348343e-04  -3.0238459e+00  -8.6153230e-02
   1.5694266e-03  -1.2489917e+01  -4.6945216e-01
   6.1343254e-03  -3.0545259e+01  -2.6741346e+00
   6.1557719e-03  -3.0600000e+01  -2.6891389e+00
   6.1557719e-03  -3.0600000e+01  -2.6891389e+00
   1.2888994e-02  -4.2496138e+01  -1.5076371e+01
   1.4260739e-02  -4.4074928e+01  -2.3711068e+01
   1.4260739e-02  -4.4074928e+01  -2.3711068e+01
   1.6796269e-02  -4.6664130e+01  -6.4668610e+01
   1.7695712e-02  -4.7473119e+01  -6.7333333e+01
   1.8595155e-02  -4.8233883e+01  -6.7333333e+01
   2.3092369e-02  -5.1455874e+01  -6.7333333e+01
   2.3959184e-02  -5.1986395e+01  -6.7333333e+01
   2.3959184e-02  -5.1986395e+01  -6.7333333e+01
   3.4431023e-02  -5.2474227e+01  -6.7333333e+01
   3.4431023e-02  -5.2474227e+01  -6.7333333e+01
   4.5009382e-02  -5.2958333e+01  -6.7333333e+01
   4.5009382e-02  -5.2958333e+01  -6.7333333e+01
   5.5696008e-02  -5.3438596e+01  -6.7333333e+01
   5.5696008e-02  -5.3438596e+01  -6.7333333e+01
   5.8471392e-02  -5.3575054e+01  -6.7333333e+01
   5.8471392e-02  -5.3575054e+01  -6.7333333e+01
   6.6492443e-02  -5.3914894e+01  -6.7333333e+01
   6.6492443e-02  -5.3914894e+01  -6.7333333e+01
   7.7400195e-02  -5.4387097e+01  -6.7333333e+01
   7.7400195e-02  -5.4387097e+01  -6.7333333e+01
   8.5181729e-02  -5.4728160e+01  -6.7333333e+01
   8.5181729e-02  -5.4728160e+01  -6.7333333e+01
   8.8420641e-02  -5.4855072e+01  -6.7333333e+01
   8.8420641e-02  -5.4855072e+01  -6.7333333e+01
   9.9555151e-02  -5.5318681e+01  -6.7333333e+01
   9.9555151e-02  -5.5318681e+01  -6.7333333e+01
   1.0000000e-01  -5.5338463e+01  -6.7333333e+01
   1.0035916e-01  -5.5318681e+01  -6.7333333e+01
   1.0035916e-01  -5.5318681e+01  -6.7333333e+01
   1.0258341e-01  -5.5212624e+01  -6.7333333e+01
   1.0480765e-01  -5.5101872e+01  -6.7333333e+01
   1.0630225e-01  -5.5024662e+01  -6.7333333e+01
   1.0630225e-01  -5.5024662e+01  -6.7333333e+01
   1.0943459e-01  -5.4855072e+01  -6.7333333e+01
   1.0943459e-01  -5.4855072e+01  -6.7333333e+01
   1.1256693e-01  -5.4705557e+01  -6.7333333e+01
   1.1569927e-01  -5.4545322e+01  -6.7333333e+01
   1.1858722e-01  -5.4387097e+01  -6.7333333e+01
   1.1858722e-01  -5.4387097e+01  -6.7333333e+01
   1.2485190e-01  -5.4079107e+01  -6.7333333e+01
   1.2781907e-01  -5.3914894e+01  -6.7333333e+01
   1.2781907e-01  -5.3914894e+01  -6.7333333e+01
   1.3138054e-01  -5.3748132e+01  -6.7333333e+01
   1.3138054e-01  -5.3748132e+01  -6.7333333e+01
   1.3494201e-01  -5.3562953e+01  -6.7333333e+01
   1.3713218e-01  -5.3438596e+01  -6.7333333e+01
   1.3713218e-01  -5.3438596e+01  -6.7333333e+01
   1.4069365e-01  -5.3275071e+01  -5.7814349e+01
   1.4425511e-01  -5.3089889e+01  -3.4076014e+01
   1.4652858e-01  -5.2958333e+01  -2.8395972e+01
   1.4652858e-01  -5.2958333e+01  -2.8395972e+01
   1.5079635e-01  -5.2765043e+01  -2.2464035e+01
   1.5079635e-01  -5.2765043e+01  -2.2464035e+01
   1.5085189e-01  -5.2762291e+01  -2.2467233e+01
   1.5085189e-01  -5.2762291e+01  -2.2467233e+01
   1.5108308e-01  -5.2764750e+01  -2.2480455e+01
   1.5108308e-01  -5.2764750e+01  -2.2480455e+01
   1.5188709e-01  -5.2773158e+01  -2.2525309e+01
   1.5269110e-01  -5.2781346e+01  -2.2568373e+01
   1.5344320e-01  -5.2788809e+01  -2.2607000e+01
   1.5344320e-01  -5.2788809e+01  -2.2607000e+01
   1.5505123e-01  -5.2804144e+01  -2.2684060e+01
   1.5665925e-01  -5.2818659e+01  -2.2753317e+01
   1.5843602e-01  -5.2833775e+01  -2.2820379e+01
   1.5843602e-01  -5.2833775e+01  -2.2820379e+01
   1.6165207e-01  -5.2858787e+01  -2.2915134e+01
   1.6425970e-01  -5.2876950e+01  -2.2965335e+01
   1.6425970e-01  -5.2876950e+01  -2.2965335e+01
   1.6747574e-01  -5.2552981e+01  -2.2992386e+01
   1.7069179e-01  -5.2666752e+01  -2.2978864e+01
   1.7155581e-01  -5.2694585e+01  -2.2968056e+01
   1.7155581e-01  -5.2694585e+01  -2.2968056e+01
   1.7798791e-01  -5.2866617e+01  -2.2787851e+01
   1.8295084e-01  -5.2958333e+01  -2.2524216e+01
   1.8295084e-01  -5.2958333e+01  -2.2524216e+01
   1.8938293e-01  -5.2973151e+01  -2.2017038e+01
   1.9382973e-01  -5.2976106e+01  -2.1558214e+01
   1.9382973e-01  -5.2976106e+01  -2.1558214e+01
   2.0026182e-01  -5.2969917e+01  -2.0745606e+01
   2.0470862e-01  -5.2958333e+01  -1.9704990e+01
   2.0470862e-01  -5.2958333e+01  -1.9704990e+01
   2.1114071e-01  -4.3440268e+01  -1.8030015e+01
   2.1642830e-01  -3.4591480e+01  -1.6716771e+01
   2.1642830e-01  -3.4591480e+01  -1.6716771e+01
   2.2286040e-01  -2.4142866e+01  -1.5206772e+01
   2.2464165e-01  -2.1416516e+01  -1.4806449e+01
   2.2464165e-01  -2.1416516e+01  -1.4806449e+01
   2.3004550e-01  -1.3788555e+01  -1.3640424e+01
   2.3004550e-01  -1.3788555e+01  -1.3640424e+01
   2.3084937e-01  -1.2750212e+01  -1.3473222e+01
   2.3084937e-01  -1.2750212e+01  -1.3473222e+01
   2.3165338e-01  -1.2527677e+01  -1.3307607e+01
   2.3245739e-01  -1.2307661e+01  -1.3143609e+01
   2.3406542e-01  -1.1874977e+01  -1.2820448e+01
   2.3684736e-01  -1.1148550e+01  -1.2276510e+01
   2.3684736e-01  -1.1148550e+01  -1.2276510e+01
   2.4006341e-01  -1.0313312e+01  -1.1671336e+01
   2.4327946e-01  -9.5186254e+00  -1.1091059e+01
   2.4971156e-01  -8.0368668e+00  -1.0002804e+01
   2.6257575e-01  -5.4280001e+00  -8.0952683e+00
   2.7469212e-01  -3.3104826e+00  -6.5886591e+00
   2.7469212e-01  -3.3104826e+00  -6.5886591e+00
   2.9644520e-01  -1.1876062e-01  -4.4547698e+00
   2.9644520e-01  -1.1876062e-01  -4.4547698e+00
   3.1819829e-01   2.4603129e+00  -3.6511510e+00
   3.3088984e-01   3.7247825e+00  -3.0335332e+00
   3.3088984e-01   3.7247825e+00  -3.0335332e+00
   3.5264293e-01   5.5201813e+00  -1.7374331e+00
   3.7367271e-01   6.7945888e+00  -3.5291815e-01
   3.7367271e-01   6.7945888e+00  -3.5291815e-01
   3.9501139e-01   7.4665507e+00   9.0321150e-01
   3.9501139e-01   7.4665507e+00   9.0321150e-01
   4.1635007e-01   7.6462977e+00   1.8187077e+00
   4.3768875e-01   7.3677651e+00   2.3911857e+00
   4.4094657e-01   7.2905320e+00   2.4539524e+00
   4.4094657e-01   7.2905320e+00   2.4539524e+00
   4.8362392e-01   5.7210062e+00   2.8882216e+00
   4.9785743e-01   5.0906710e+00   2.9304249e+00
   4.9785743e-01   5.0906710e+00   2.9304249e+00
   5.3015172e-01   3.7646636e+00   2.9322893e+00
   5.3015172e-01   3.7646636e+00   2.9322893e+00
   5.6244600e-01   2.7489661e+00   2.8601625e+00
   5.9474028e-01   2.0542746e+00   2.7506407e+00
   6.5932885e-01   1.4214007e+00   2.4657954e+00
   7.1803253e-01   1.2110535e+00   2.1816839e+00
   7.6563742e-01   1.0061870e+00   1.9655223e+00
   8.0430634e-01   6.6096446e-01   1.7966969e+00
   8.2070944e-01   4.4796838e-01   1.7266676e+00
   8.2070944e-01   4.4796838e-01   1.7266676e+00
   8.5881695e-01   3.7084468e-01   1.6614714e+00
   8.9692447e-01   3.0310411e-01   1.5579767e+00
   9.6791974e-01  -1.2472637e-02   1.2864549e+00
   1.0095132e+00  -1.3259835e-01   1.0954514e+00
   1.0511067e+00  -2.9728824e-01   8.9912782e-01
   1.0860106e+00  -1.6709682e-01   7.3623566e-01
   1.1183776e+00  -3.9794837e-02   5.9023314e-01
   1.1527475e+00  -1.6107107e-02   4.4312924e-01
   1.1720940e+00   1.9450516e-01   3.6466627e-01
   1.1720940e+00   1.9450516e-01   3.6466627e-01
   1.2107262e+00   3.0524674e-01   2.2356567e-01
   1.2466901e+00   4.1354579e-01   9.9357205e-02
   1.2775743e+00   2.4308048e-01   4.2850804e-04
   1.3070211e+00   1.1469261e-01  -8.5873311e-02
   1.3410603e+00   1.0233122e-01  -1.7473380e-01
   1.3811583e+00   2.2977085e-01  -2.6342672e-01
   1.4116863e+00   1.2673599e-01  -3.1912204e-01
   1.4422144e+00   7.0646326e-02  -3.6473911e-01
   1.4804975e+00   1.2471238e-01  -4.0829404e-01
   1.5225549e+00   5.2611708e-01  -4.3929760e-01
   1.5472564e+00   1.1483753e-01  -4.5004641e-01
   1.5719579e+00   3.0187519e-02  -4.5602408e-01
   1.6116471e+00   6.2465331e-02  -4.5669101e-01
   1.6497560e+00   1.2159053e-01  -4.4833092e-01
   1.6878650e+00   2.7440020e-01  -4.3259123e-01
   1.6922556e+00   5.3102315e-02  -4.3036438e-01
   1.6922556e+00   5.3102315e-02  -4.3036438e-01
   1.7274482e+00   6.3674111e-02  -4.1524747e-01
   1.7626409e+00   7.8122351e-02  -3.9420716e-01
   1.8042124e+00   3.0562698e-01  -3.6299399e-01
   1.8315746e+00   9.5694892e-02  -3.3941280e-01
   1.8589369e+00   3.0025556e-02  -3.1380701e-01
   1.8987224e+00   7.7478748e-02  -2.7411649e-01
   1.9346600e+00   1.1346204e-01  -2.3684132e-01
   1.9705976e+00   1.7492682e-01  -1.9910149e-01
   2.0065891e+00   2.9827366e-01  -1.6160337e-01
   2.0390447e+00   2.7209416e-01  -1.2859932e-01
   2.0685400e+00   1.2749548e-01  -9.9639445e-02
   2.0765700e+00  -4.7603820e-03  -9.1963387e-02
   2.0765700e+00  -4.7603820e-03  -9.1963387e-02
   2.0765700e+00  -4.7603820e-03  -9.1963387e-02
   2.0765700e+00  -4.7603820e-03  -9.1963387e-02
   2.0769769e+00  -4.5524580e-03  -9.1576963e-02
   2.0769769e+00  -4.5524580e-03  -9.1576963e-02
   2.0773839e+00  -4.3526101e-03  -9.1196902e-02
   2.0777908e+00  -4.1605263e-03  -9.0817029e-02
   2.0786047e+00  -3.7984635e-03  -9.0057855e-02
   2.0802324e+00  -3.1550671e-03  -8.8541809e-02
   2.0834880e+00  -2.1379450e-03  -8.5519103e-02
   2.0899990e+00  -8.6127450e-04  -7.9512611e-02
   2.1030211e+00   1.5516180e-04  -6.7666021e-02
   2.1290653e+00   3.9941124e-04  -4.4719131e-02
   2.1811537e+00  -1.1229143e-03  -2.3744321e-03
   2.2284608e+00  -2.1446656e-03   3.1273981e-02
   2.2284608e+00  -2.1446656e-03   3.1273981e-02
   2.2284608e+00  -2.1446656e-03   3.1273981e-02
   2.2284608e+00  -2.1446656e-03   3.1273981e-02
   2.2284608e+00  -2.1446656e-03   3.1273981e-02
   2.2284608e+00  -2.1446656e-03   3.1273981e-02
   2.2284608e+00  -2.1446656e-03   3.1273981e-02
   2.2284608e+00  -2.1446656e-03   3.1273981e-02
   2.2284608e+00  -2.1446656e-03   3.1273981e-02
   2.2284608e+00  -2.1446656e-03   3.1273981e-02
   2.2284608e+00  -2.1446656e-03   3.1273981e-02
   2.2284608e+00  -2.1446656e-03   3.1273981e-02
   2.2284608e+00  -2.1446656e-03   3.1273981e-02
   2.2284608e+00  -2.1446655e-03   3.1273981e-02
   2.2284608e+00  -2.1446655e-03   3.1273981e-02
   2.2284608e+00  -2.1446653e-03   3.1273982e-02
   2.2284608e+00  -2.1446649e-03   3.1273983e-02
   2.2284608e+00  -2.1446642e-03   3.1273985e-02
   2.2284608e+00  -2.1446628e-03   3.1273989e-02
   2.2284608e+00  -2.1446599e-03   3.1273997e-02
   2.2284609e+00  -2.1446542e-03   3.1274013e-02
   2.2284609e+00  -2.1446427e-03   3.1274045e-02
   2.2284610e+00  -2.1446197e-03   3.1274109e-02
   2.2284612e+00  -2.1445738e-03   3.1274238e-02
   2.2284616e+00  -2.1444821e-03   3.1274496e-02
   2.2284624e+00  -2.1442985e-03   3.1275011e-02
   2.2284639e+00  -2.1439314e-03   3.1276040e-02
   2.2284671e+00  -2.1431974e-03   3.1278100e-02
   2.2284733e+00  -2.1417300e-03   3.1282219e-02
   2.2284858e+00  -2.1387980e-03   3.1290457e-02
   2.2285108e+00  -2.1329445e-03   3.1306932e-02
   2.2285609e+00  -2.1212804e-03   3.1339878e-02
   2.2286610e+00  -2.0981219e-03   3.1405753e-02
   2.2288611e+00  -2.0524762e-03   3.1537433e-02
   2.2292614e+00  -1.9638106e-03   3.1800519e-02
   2.2300620e+00  -1.7965203e-03   3.2325585e-02
   2.2316632e+00  -1.4986642e-03   3.3371296e-02
   2.2348657e+00  -1.0259815e-03   3.5444983e-02
   2.2412706e+00  -4.2815133e-04   3.9521047e-02
   2.2540803e+00   5.5298962e-05   4.7385244e-02
   2.2796998e+00   1.8025289e-04   6.1944759e-02
   2.3309388e+00  -4.5198548e-04   8.6316722e-02
   2.3980430e+00  -9.5524330e-04   1.0874121e-01
   2.3980430e+00  -9.5524330e-04   1.0874121e-01
   2.3980430e+00  -9.5524330e-04   1.0874121e-01
   2.4482977e+00  -7.4070958e-04   1.1875555e-01
   2.4482977e+00  -7.4070959e-04   1.1875555e-01
   2.4482977e+00  -7.4070958e-04   1.1875555e-01
   2.4482977e+00  -7.4070958e-04   1.1875555e-01
   2.4482977e+00  -7.4070958e-04   1.1875555e-01
   2.4482977e+00  -7.4070958e-04   1.1875555e-01
   2.4482977e+00  -7.4070958e-04   1.1875555e-01
   2.4482977e+00  -7.4070958e-04   1.1875555e-01
   2.4482977e+00  -7.4070957e-04   1.1875555e-01
   2.4482977e+00  -7.4070956e-04   1.1875555e-01
   2.4482977e+00  -7.4070955e-04   1.1875555e-01
   2.4482977e+00  -7.4070951e-04   1.1875555e-01
   2.4482977e+00  -7.4070943e-04   1.1875555e-01
   2.4482977e+00  -7.4070927e-04   1.1875555e-01
   2.4482977e+00  -7.4070895e-04   1.1875556e-01
   2.4482977e+00  -7.4070831e-04   1.1875556e-01
   2.4482977e+00  -7.4070704e-04   1.1875556e-01
   2.4482977e+00  -7.4070450e-04   1.1875556e-01
   2.4482978e+00  -7.4069942e-04   1.1875557e-01
   2.4482979e+00  -7.4068926e-04   1.1875559e-01
   2.4482982e+00  -7.4066893e-04   1.1875563e-01
   2.4482987e+00  -7.4062829e-04   1.1875570e-01
   2.4482997e+00  -7.4054699e-04   1.1875585e-01
   2.4483017e+00  -7.4038443e-04   1.1875614e-01
   2.4483057e+00  -7.4005941e-04   1.1875672e-01
   2.4483137e+00  -7.3940975e-04   1.1875789e-01
   2.4483297e+00  -7.3811193e-04   1.1876022e-01
   2.4483618e+00  -7.3552238e-04   1.1876488e-01
   2.4484260e+00  -7.3036747e-04   1.1877420e-01
   2.4485543e+00  -7.2015374e-04   1.1879281e-01
   2.4488109e+00  -7.0010510e-04   1.1882992e-01
   2.4493242e+00  -6.6147997e-04   1.1890375e-01
   2.4503507e+00  -5.8978882e-04   1.1904977e-01
   2.4524037e+00  -4.6623804e-04   1.1933531e-01
   2.4565097e+00  -2.8240902e-04   1.1988051e-01
   2.4647218e+00  -7.7560115e-05   1.2086849e-01
   2.4811460e+00   5.0291948e-05   1.2244361e-01
   2.5139944e+00   4.4278758e-05   1.2406444e-01
   2.5610035e+00  -4.0886361e-04   1.2313949e-01
   2.5610035e+00  -4.0886361e-04   1.2313949e-01
   2.5610035e+00  -4.0886361e-04   1.2313949e-01
   2.5610035e+00  -4.0886361e-04   1.2313949e-01
   2.5610035e+00  -4.0886361e-04   1.2313949e-01
   2.5610035e+00  -4.0886361e-04   1.2313949e-01
   2.5610035e+00  -4.0886361e-04   1.2313949e-01
   2.5610035e+00  -4.0886361e-04   1.2313949e-01
   2.5610035e+00  -4.0886361e-04   1.2313949e-01
   2.5610035e+00  -4.0886361e-04   1.2313949e-01
   2.5610035e+00  -4.0886361e-04   1.2313949e-01
   2.5610035e+00  -4.0886361e-04   1.2313949e-01
   2.5610035e+00  -4.0886361e-04   1.2313949e-01
   2.5610035e+00  -4.0886361e-04   1.2313949e-01
   2.5610035e+00  -4.0886361e-04   1.2313949e-01
   2.5610035e+00  -4.0886360e-04   1.2313949e-01
   2.5610035e+00  -4.0886359e-04   1.2313949e-01
   2.5610035e+00  -4.0886358e-04   1.2313949e-01
   2.5610035e+00  -4.0886355e-04   1.2313949e-01
   2.5610035e+00  -4.0886349e-04   1.2313949e-01
   2.5610035e+00  -4.0886337e-04   1.2313949e-01
   2.5610036e+00  -4.0886313e-04   1.2313949e-01
   2.5610036e+00  -4.0886264e-04   1.2313949e-01
   2.5610036e+00  -4.0886168e-04   1.2313949e-01
   2.5610036e+00  -4.0885975e-04   1.2313949e-01
   2.5610037e+00  -4.0885590e-04   1.2313948e-01
   2.5610039e+00  -4.0884818e-04   1.2313947e-01
   2.5610042e+00  -4.0883276e-04   1.2313945e-01
   2.5610049e+00  -4.0880190e-04   1.2313941e-01
   2.5610063e+00  -4.0874021e-04   1.2313934e-01
   2.5610091e+00  -4.0861684e-04   1.2313918e-01
   2.5610146e+00  -4.0837021e-04   1.2313886e-01
   2.5610256e+00  -4.0787733e-04   1.2313824e-01
   2.5610476e+00  -4.0689317e-04   1.2313698e-01
   2.5610918e+00  -4.0493117e-04   1.2313446e-01
   2.5611800e+00  -4.0103236e-04   1.2312941e-01
   2.5613564e+00  -3.9333447e-04   1.2311927e-01
   2.5617093e+00  -3.7832978e-04   1.2309886e-01
   2.5624150e+00  -3.4982389e-04   1.2305748e-01
   2.5638264e+00  -2.9836932e-04   1.2297248e-01
   2.5666493e+00  -2.1446580e-04   1.2279359e-01
   2.5722950e+00  -1.0252649e-04   1.2240064e-01
   2.5835865e+00  -1.8778153e-06   1.2147746e-01
   2.5991925e+00   3.6634334e-05   1.1991254e-01
   2.5991925e+00   3.6634334e-05   1.1991254e-01
   2.6217755e+00   3.9643304e-05   1.1737567e-01
   2.6443585e+00   3.6471437e-05   1.1418429e-01
   2.6895245e+00   2.7125403e-05   1.0608143e-01
   2.7515102e+00  -1.4974433e-04   9.1996982e-02
   2.7515102e+00  -1.4974433e-04   9.1996982e-02
   2.7515102e+00  -1.4974433e-04   9.1996982e-02
   2.7515102e+00  -1.4974433e-04   9.1996982e-02
   2.7515102e+00  -1.4974433e-04   9.1996982e-02
   2.7515102e+00  -1.4974433e-04   9.1996982e-02
   2.7515102e+00  -1.4974433e-04   9.1996982e-02
   2.7515102e+00  -1.4974433e-04   9.1996982e-02
   2.7515102e+00  -1.4974433e-04   9.1996982e-02
   2.7515102e+00  -1.4974433e-04   9.1996982e-02
   2.7515102e+00  -1.4974433e-04   9.1996982e-02
   2.7515102e+00  -1.4974433e-04   9.1996982e-02
   2.7515102e+00  -1.4974432e-04   9.1996982e-02
   2.7515102e+00  -1.4974431e-04   9.1996982e-02
   2.7515102e+00  -1.4974430e-04   9.1996982e-02
   2.7515102e+00  -1.4974426e-04   9.1996981e-02
   2.7515102e+00  -1.4974419e-04   9.1996980e-02
   2.7515102e+00  -1.4974406e-04   9.1996978e-02
   2.7515102e+00  -1.4974379e-04   9.1996974e-02
   2.7515102e+00  -1.4974325e-04   9.1996966e-02
   2.7515103e+00  -1.4974217e-04   9.1996949e-02
   2.7515104e+00  -1.4974000e-04   9.1996917e-02
   2.7515107e+00  -1.4973567e-04   9.1996851e-02
   2.7515112e+00  -1.4972702e-04   9.1996719e-02
   2.7515123e+00  -1.4970971e-04   9.1996457e-02
   2.7515144e+00  -1.4967509e-04   9.1995931e-02
   2.7515186e+00  -1.4960588e-04   9.1994879e-02
   2.7515270e+00  -1.4946755e-04   9.1992776e-02
   2.7515439e+00  -1.4919122e-04   9.1988569e-02
   2.7515777e+00  -1.4863992e-04   9.1980156e-02
   2.7516453e+00  -1.4754275e-04   9.1963327e-02
   2.7517805e+00  -1.4536994e-04   9.1929660e-02
   2.7520508e+00  -1.4110918e-04   9.1862295e-02
   2.7525914e+00  -1.3291683e-04   9.1727435e-02
   2.7536726e+00  -1.1777144e-04   9.1456534e-02
   2.7558351e+00  -9.1875206e-05   9.0912589e-02
   2.7601600e+00  -5.3939870e-05   8.9816842e-02
   2.7688098e+00  -1.2939597e-05   8.7595365e-02
   2.7861095e+00   1.1028876e-05   8.3043947e-02
   2.8207088e+00   7.6354915e-06   7.3596737e-02
   2.8689425e+00  -8.0621386e-05   5.9973628e-02
   2.8689425e+00  -8.0621386e-05   5.9973628e-02
   2.8689425e+00  -8.0621386e-05   5.9973628e-02
   2.8689425e+00  -8.0621386e-05   5.9973628e-02
   2.8689425e+00  -8.0621386e-05   5.9973628e-02
   2.8689425e+00  -8.0621386e-05   5.9973628e-02
   2.8689425e+00  -8.0621386e-05   5.9973628e-02
   2.8689425e+00  -8.0621386e-05   5.9973628e-02
   2.8689425e+00  -8.0621386e-05   5.9973628e-02
   2.8689425e+00  -8.0621386e-05   5.9973628e-02
   2.8689425e+00  -8.0621386e-05   5.9973628e-02
   2.8689425e+00  -8.0621386e-05   5.9973628e-02
   2.8689425e+00  -8.0621386e-05   5.9973628e-02
   2.8689425e+00  -8.0621386e-05   5.9973627e-02
   2.8689425e+00  -8.0621385e-05   5.9973627e-02
   2.8689425e+00  -8.0621385e-05   5.9973627e-02
   2.8689425e+00  -8.0621383e-05   5.9973627e-02
   2.8689425e+00  -8.0621380e-05   5.9973627e-02
   2.8689425e+00  -8.0621374e-05   5.9973627e-02
   2.8689425e+00  -8.0621362e-05   5.9973627e-02
   2.8689425e+00  -8.0621337e-05   5.9973626e-02
   2.8689425e+00  -8.0621288e-05   5.9973624e-02
   2.8689425e+00  -8.0621189e-05   5.9973621e-02
   2.8689426e+00  -8.0620992e-05   5.9973615e-02
   2.8689426e+00  -8.0620597e-05   5.9973602e-02
   2.8689427e+00  -8.0619808e-05   5.9973577e-02
   2.8689429e+00  -8.0618229e-05   5.9973526e-02
   2.8689432e+00  -8.0615072e-05   5.9973424e-02
   2.8689439e+00  -8.0608759e-05   5.9973220e-02
   2.8689454e+00  -8.0596133e-05   5.9972812e-02
   2.8689482e+00  -8.0570886e-05   5.9971997e-02
   2.8689540e+00  -8.0520414e-05   5.9970367e-02
   2.8689654e+00  -8.0419554e-05   5.9967106e-02
   2.8689883e+00  -8.0218171e-05   5.9960584e-02
   2.8690341e+00  -7.9816749e-05   5.9947540e-02
   2.8691256e+00  -7.9019251e-05   5.9921452e-02
   2.8693087e+00  -7.7445423e-05   5.9869275e-02
   2.8696749e+00  -7.4380705e-05   5.9764918e-02
   2.8704074e+00  -6.8569649e-05   5.9556191e-02
   2.8718722e+00  -5.8120844e-05   5.9138691e-02
   2.8748019e+00  -4.1212639e-05   5.8303549e-02
   2.8806613e+00  -1.8992081e-05   5.6633053e-02
   2.8923800e+00   4.0015686e-07   5.3294005e-02
   2.9158175e+00   6.9925030e-06   4.6645276e-02
   2.9626925e+00  -6.3386361e-06   3.3625822e-02
   2.9928704e+00   8.5768795e-03   2.5564973e-02
   2.9928704e+00   8.5768795e-03   2.5564973e-02
   3.0386690e+00   5.5820920e-02   1.4032501e-02
   3.0844676e+00   4.3353052e-01   3.4586549e-03
   3.1079930e+00   8.0183126e-02  -1.5390697e-03
   3.1315184e+00   1.5096153e-02  -6.2163999e-03
   3.1735343e+00   5.7199398e-02  -1.3727543e-02
   3.2102445e+00   9.5649493e-02  -1.9369239e-02
   3.2469548e+00   1.6888115e-01  -2.4132776e-02
   3.2840142e+00   3.5903778e-01  -2.8051243e-02
   3.3163386e+00   3.3840969e-01  -3.0751441e-02
   3.3444745e+00   1.2292815e-01  -3.2570258e-02
   3.3744025e+00   5.9323199e-02  -3.3986282e-02
   3.4112748e+00   1.0234028e-01  -3.5035434e-02
   3.4524031e+00   4.1566601e-01  -3.5366537e-02
   3.4782784e+00   1.0164444e-01  -3.5159688e-02
   3.5041537e+00   2.4599946e-02  -3.4660548e-02
   3.5086915e+00  -9.4511497e-05  -3.4544726e-02
   3.5086915e+00  -9.4511497e-05  -3.4544726e-02
   3.5086915e+00  -9.4511497e-05  -3.4544726e-02
   3.5086915e+00  -9.4511497e-05  -3.4544726e-02
   3.5086915e+00  -9.4511497e-05  -3.4544726e-02
   3.5086915e+00  -9.4511497e-05  -3.4544726e-02
   3.5086915e+00  -9.4511496e-05  -3.4544726e-02
   3.5086915e+00  -9.4511496e-05  -3.4544726e-02
   3.5086915e+00  -9.4511494e-05  -3.4544726e-02
   3.5086915e+00  -9.4511491e-05  -3.4544726e-02
   3.5086915e+00  -9.4511484e-05  -3.4544726e-02
   3.5086915e+00  -9.4511472e-05  -3.4544726e-02
   3.5086915e+00  -9.4511446e-05  -3.4544726e-02
   3.5086915e+00  -9.4511394e-05  -3.4544726e-02
   3.5086915e+00  -9.4511292e-05  -3.4544725e-02
   3.5086915e+00  -9.4511086e-05  -3.4544725e-02
   3.5086916e+00  -9.4510674e-05  -3.4544724e-02
   3.5086916e+00  -9.4509852e-05  -3.4544722e-02
   3.5086918e+00  -9.4508206e-05  -3.4544717e-02
   3.5086921e+00  -9.4504915e-05  -3.4544709e-02
   3.5086927e+00  -9.4498334e-05  -3.4544692e-02
   3.5086940e+00  -9.4485172e-05  -3.4544659e-02
   3.5086966e+00  -9.4458853e-05  -3.4544591e-02
   3.5087017e+00  -9.4406235e-05  -3.4544457e-02
   3.5087118e+00  -9.4301077e-05  -3.4544188e-02
   3.5087322e+00  -9.4091073e-05  -3.4543650e-02
   3.5087729e+00  -9.3672312e-05  -3.4542574e-02
   3.5088543e+00  -9.2839750e-05  -3.4540419e-02
   3.5090171e+00  -9.1194293e-05  -3.4536101e-02
   3.5093428e+00  -8.7980611e-05  -3.4527435e-02
   3.5099940e+00  -8.1851067e-05  -3.4509978e-02
   3.5112966e+00  -7.0699452e-05  -3.4474565e-02
   3.5139018e+00  -5.2229092e-05  -3.4401763e-02
   3.5156781e+00  -4.2074363e-05  -3.4350618e-02
   3.5156781e+00  -4.2074363e-05  -3.4350618e-02
   3.5208884e+00  -2.0726894e-05  -3.4199380e-02
   3.5260987e+00  -7.9573467e-06  -3.4037733e-02
   3.5365193e+00   4.0895676e-06  -3.3684028e-02
   3.5573604e+00   8.9463672e-06  -3.2860740e-02
   3.5990426e+00   3.8133509e-06  -3.0797312e-02
   3.6548972e+00  -4.3721765e-05  -2.7320082e-02
   3.6548972e+00  -4.3721765e-05  -2.7320082e-02
   3.6548972e+00  -4.3721765e-05  -2.7320082e-02
   3.6548972e+00  -4.3721765e-05  -2.7320082e-02
   3.6548972e+00  -4.3721765e-05  -2.7320082e-02
   3.6548972e+00  -4.3721765e-05  -2.7320082e-02
   3.6548972e+00  -4.3721765e-05  -2.7320082e-02
   3.6548972e+00  -4.3721765e-05  -2.7320082e-02
   3.6548972e+00  -4.3721765e-05  -2.7320082e-02
   3.6548972e+00  -4.3721764e-05  -2.7320082e-02
   3.6548972e+00  -4.3721763e-05  -2.7320082e-02
   3.6548972e+00  -4.3721761e-05  -2.7320082e-02
   3.6548972e+00  -4.3721756e-05  -2.7320082e-02
   3.6548972e+00  -4.3721748e-05  -2.7320082e-02
   3.6548972e+00  -4.3721730e-05  -2.7320082e-02
   3.6548972e+00  -4.3721695e-05  -2.7320081e-02
   3.6548973e+00  -4.3721625e-05  -2.7320080e-02
   3.6548973e+00  -4.3721485e-05  -2.7320078e-02
   3.6548973e+00  -4.3721204e-05  -2.7320074e-02
   3.6548975e+00  -4.3720643e-05  -2.7320066e-02
   3.6548977e+00  -4.3719521e-05  -2.7320050e-02
   3.6548982e+00  -4.3717276e-05  -2.7320018e-02
   3.6548991e+00  -4.3712788e-05  -2.7319954e-02
   3.6549010e+00  -4.3703812e-05  -2.7319826e-02
   3.6549047e+00  -4.3685865e-05  -2.7319570e-02
   3.6549122e+00  -4.3649992e-05  -2.7319059e-02
   3.6549272e+00  -4.3578323e-05  -2.7318035e-02
   3.6549572e+00  -4.3435300e-05  -2.7315988e-02
   3.6550173e+00  -4.3150504e-05  -2.7311893e-02
   3.6551373e+00  -4.2585878e-05  -2.7303701e-02
   3.6553773e+00  -4.1476228e-05  -2.7287310e-02
   3.6558574e+00  -3.9333245e-05  -2.7254495e-02
   3.6568176e+00  -3.5336533e-05  -2.7188736e-02
   3.6587379e+00  -2.8382561e-05  -2.7056713e-02
   3.6625786e+00  -1.7838675e-05  -2.6790675e-02
   3.6702600e+00  -5.6455181e-06  -2.6250913e-02
   3.6856227e+00   2.5774707e-06  -2.5142105e-02
   3.7163482e+00   3.0137619e-06  -2.2828647e-02
   3.7627405e+00  -2.4760203e-05  -1.9167319e-02
   3.7627405e+00  -2.4760203e-05  -1.9167319e-02
   3.7627405e+00  -2.4760203e-05  -1.9167319e-02
   3.8048324e+00  -1.9832923e-05  -1.5763556e-02
   3.8048324e+00  -1.9832923e-05  -1.5763556e-02
   3.8048324e+00  -1.9832923e-05  -1.5763556e-02
   3.8048324e+00  -1.9832923e-05  -1.5763556e-02
   3.8048324e+00  -1.9832923e-05  -1.5763556e-02
   3.8048324e+00  -1.9832923e-05  -1.5763556e-02
   3.8048324e+00  -1.9832923e-05  -1.5763556e-02
   3.8048324e+00  -1.9832923e-05  -1.5763556e-02
   3.8048324e+00  -1.9832923e-05  -1.5763556e-02
   3.8048324e+00  -1.9832922e-05  -1.5763556e-02
   3.8048324e+00  -1.9832921e-05  -1.5763556e-02
   3.8048324e+00  -1.9832919e-05  -1.5763556e-02
   3.8048324e+00  -1.9832915e-05  -1.5763556e-02
   3.8048324e+00  -1.9832907e-05  -1.5763555e-02
   3.8048324e+00  -1.9832891e-05  -1.5763555e-02
   3.8048324e+00  -1.9832859e-05  -1.5763553e-02
   3.8048324e+00  -1.9832795e-05  -1.5763551e-02
   3.8048325e+00  -1.9832667e-05  -1.5763546e-02
   3.8048326e+00  -1.9832411e-05  -1.5763537e-02
   3.8048328e+00  -1.9831898e-05  -1.5763518e-02
   3.8048333e+00  -1.9830872e-05  -1.5763479e-02
   3.8048343e+00  -1.9828821e-05  -1.5763403e-02
   3.8048361e+00  -1.9824719e-05  -1.5763250e-02
   3.8048399e+00  -1.9816518e-05  -1.5762943e-02
   3.8048475e+00  -1.9800125e-05  -1.5762331e-02
   3.8048626e+00  -1.9767376e-05  -1.5761106e-02
   3.8048928e+00  -1.9702021e-05  -1.5758656e-02
   3.8049533e+00  -1.9571886e-05  -1.5753756e-02
   3.8050742e+00  -1.9313904e-05  -1.5743955e-02
   3.8053160e+00  -1.8806960e-05  -1.5724355e-02
   3.8057996e+00  -1.7828191e-05  -1.5685156e-02
   3.8067669e+00  -1.6003703e-05  -1.5606764e-02
   3.8087014e+00  -1.2832479e-05  -1.5450004e-02
   3.8125705e+00  -8.0338550e-06  -1.5136614e-02
   3.8203086e+00  -2.5066147e-06  -1.4510562e-02
   3.8357848e+00   1.1904297e-06  -1.3263063e-02
   3.8667373e+00   1.3491561e-06  -1.0799366e-02
   3.9118978e+00  -7.4794345e-06  -7.3274016e-03
   3.9118978e+00  -7.4794345e-06  -7.3274016e-03
   3.9543354e+00  -9.0167865e-06  -4.2580076e-03
   3.9543354e+00  -9.0167865e-06  -4.2580076e-03
   3.9543354e+00  -9.0167865e-06  -4.2580076e-03
   3.9543354e+00  -9.0167865e-06  -4.2580076e-03
   3.9543354e+00  -9.0167865e-06  -4.2580076e-03
   3.9543354e+00  -9.0167865e-06  -4.2580076e-03
   3.9543354e+00  -9.0167865e-06  -4.2580076e-03
   3.9543354e+00  -9.0167865e-06  -4.2580076e-03
   3.9543354e+00  -9.0167865e-06  -4.2580076e-03
   3.9543354e+00  -9.0167865e-06  -4.2580076e-03
   3.9543354e+00  -9.0167864e-06  -4.2580076e-03
   3.9543354e+00  -9.0167863e-06  -4.2580076e-03
   3.9543354e+00  -9.0167861e-06  -4.2580075e-03
   3.9543354e+00  -9.0167858e-06  -4.2580075e-03
   3.9543354e+00  -9.0167850e-06  -4.2580075e-03
   3.9543354e+00  -9.0167834e-06  -4.2580073e-03
   3.9543354e+00  -9.0167803e-06  -4.2580071e-03
   3.9543354e+00  -9.0167742e-06  -4.2580067e-03
   3.9543355e+00  -9.0167618e-06  -4.2580058e-03
   3.9543355e+00  -9.0167371e-06  -4.2580041e-03
   3.9543355e+00  -9.0166876e-06  -4.2580006e-03
   3.9543356e+00  -9.0165888e-06  -4.2579936e-03
   3.9543358e+00  -9.0163910e-06  -4.2579796e-03
   3.9543362e+00  -9.0159955e-06  -4.2579517e-03
   3.9543370e+00  -9.0152046e-06  -4.2578958e-03
   3.9543386e+00  -9.0136229e-06  -4.2577840e-03
   3.9543418e+00  -9.0104603e-06  -4.2575605e-03
   3.9543483e+00  -9.0041380e-06  -4.2571134e-03
   3.9543611e+00  -8.9915053e-06  -4.2562192e-03
   3.9543867e+00  -8.9662870e-06  -4.2544310e-03
   3.9544380e+00  -8.9160390e-06  -4.2508548e-03
   3.9545405e+00  -8.8162921e-06  -4.2437033e-03
   3.9547456e+00  -8.6197614e-06  -4.2294046e-03
   3.9551558e+00  -8.2382808e-06  -4.2008236e-03
   3.9559762e+00  -7.5195569e-06  -4.1437276e-03
   3.9576170e+00  -6.2435536e-06  -4.0298007e-03
   3.9608986e+00  -4.2300780e-06  -3.8030168e-03
   3.9674618e+00  -1.7118365e-06  -3.3537999e-03
   3.9805882e+00   2.7951951e-07  -2.4733226e-03
   4.0068409e+00   7.4624807e-07  -7.8828725e-04
   4.0593464e+00  -2.4348819e-06   2.2505809e-03
   4.1279358e+00  -3.6128560e-06   5.4928892e-03
   4.1279358e+00  -3.6128561e-06   5.4928892e-03
   4.1279358e+00  -3.6128560e-06   5.4928892e-03
   4.1279358e+00  -3.6128560e-06   5.4928892e-03
   4.1279358e+00  -3.6128560e-06   5.4928892e-03
   4.1279358e+00  -3.6128559e-06   5.4928892e-03
   4.1279358e+00  -3.6128559e-06   5.4928892e-03
   4.1279358e+00  -3.6128557e-06   5.4928893e-03
   4.1279358e+00  -3.6128553e-06   5.4928893e-03
   4.1279358e+00  -3.6128547e-06   5.4928894e-03
   4.1279358e+00  -3.6128533e-06   5.4928895e-03
   4.1279358e+00  -3.6128506e-06   5.4928898e-03
   4.1279359e+00  -3.6128451e-06   5.4928904e-03
   4.1279359e+00  -3.6128342e-06   5.4928915e-03
   4.1279359e+00  -3.6128124e-06   5.4928937e-03
   4.1279361e+00  -3.6127689e-06   5.4928983e-03
   4.1279363e+00  -3.6126817e-06   5.4929073e-03
   4.1279367e+00  -3.6125073e-06   5.4929254e-03
   4.1279376e+00  -3.6121587e-06   5.4929615e-03
   4.1279394e+00  -3.6114615e-06   5.4930338e-03
   4.1279429e+00  -3.6100674e-06   5.4931783e-03
   4.1279499e+00  -3.6072807e-06   5.4934674e-03
   4.1279640e+00  -3.6017131e-06   5.4940456e-03
   4.1279922e+00  -3.5906007e-06   5.4952017e-03
   4.1280487e+00  -3.5684672e-06   5.4975137e-03
   4.1281615e+00  -3.5245633e-06   5.5021357e-03
   4.1283871e+00  -3.4381890e-06   5.5113728e-03
   4.1288384e+00  -3.2710308e-06   5.5298186e-03
   4.1297410e+00  -2.9579714e-06   5.5665971e-03
   4.1315461e+00  -2.4087282e-06   5.6397010e-03
   4.1351564e+00  -1.5621526e-06   5.7840963e-03
   4.1423770e+00  -5.5106434e-07   6.0656303e-03
   4.1568181e+00   1.7742853e-07   6.5996468e-03
   4.1857004e+00   2.7307385e-07   7.5516380e-03
   4.2332009e+00  -2.0740085e-06   8.7849046e-03
   4.2332009e+00  -2.0740085e-06   8.7849046e-03
   4.2332009e+00  -2.0740085e-06   8.7849046e-03
   4.2332009e+00  -2.0740085e-06   8.7849046e-03
   4.2332009e+00  -2.0740084e-06   8.7849046e-03
   4.2332009e+00  -2.0740084e-06   8.7849046e-03
   4.2332009e+00  -2.0740083e-06   8.7849046e-03
   4.2332009e+00  -2.0740082e-06   8.7849046e-03
   4.2332009e+00  -2.0740080e-06   8.7849047e-03
   4.2332009e+00  -2.0740075e-06   8.7849047e-03
   4.2332009e+00  -2.0740065e-06   8.7849048e-03
   4.2332010e+00  -2.0740046e-06   8.7849050e-03
   4.2332010e+00  -2.0740007e-06   8.7849054e-03
   4.2332010e+00  -2.0739929e-06   8.7849061e-03
   4.2332011e+00  -2.0739773e-06   8.7849076e-03
   4.2332012e+00  -2.0739462e-06   8.7849106e-03
   4.2332015e+00  -2.0738840e-06   8.7849165e-03
   4.2332020e+00  -2.0737595e-06   8.7849284e-03
   4.2332031e+00  -2.0735105e-06   8.7849522e-03
   4.2332053e+00  -2.0730126e-06   8.7849997e-03
   4.2332097e+00  -2.0720172e-06   8.7850948e-03
   4.2332185e+00  -2.0700277e-06   8.7852851e-03
   4.2332360e+00  -2.0660536e-06   8.7856654e-03
   4.2332711e+00  -2.0581259e-06   8.7864261e-03
   4.2333413e+00  -2.0423515e-06   8.7879466e-03
   4.2334816e+00  -2.0111242e-06   8.7909851e-03
   4.2337623e+00  -1.9499351e-06   8.7970516e-03
   4.2343237e+00  -1.8324623e-06   8.8091427e-03
   4.2354465e+00  -1.6159407e-06   8.8331575e-03
   4.2376921e+00  -1.2479308e-06   8.8805178e-03
   4.2421832e+00  -7.1516174e-07   8.9725429e-03
   4.2511655e+00  -1.5254684e-07   9.1459307e-03
   4.2691301e+00   1.6006291e-07   9.4508285e-03
   4.3050593e+00   9.0221998e-08   9.8981612e-03
   4.3544733e+00  -1.0942454e-06   1.0180659e-02
   4.3544733e+00  -1.0942454e-06   1.0180659e-02
   4.3544733e+00  -1.0942454e-06   1.0180659e-02
   4.3544733e+00  -1.0942454e-06   1.0180659e-02
   4.3544733e+00  -1.0942453e-06   1.0180659e-02
   4.3544733e+00  -1.0942453e-06   1.0180659e-02
   4.3544733e+00  -1.0942452e-06   1.0180659e-02
   4.3544733e+00  -1.0942451e-06   1.0180659e-02
   4.3544733e+00  -1.0942449e-06   1.0180659e-02
   4.3544733e+00  -1.0942444e-06   1.0180659e-02
   4.3544733e+00  -1.0942434e-06   1.0180659e-02
   4.3544733e+00  -1.0942415e-06   1.0180659e-02
   4.3544734e+00  -1.0942376e-06   1.0180659e-02
   4.3544734e+00  -1.0942298e-06   1.0180659e-02
   4.3544736e+00  -1.0942142e-06   1.0180659e-02
   4.3544738e+00  -1.0941830e-06   1.0180660e-02
   4.3544743e+00  -1.0941206e-06   1.0180661e-02
   4.3544754e+00  -1.0939958e-06   1.0180663e-02
   4.3544775e+00  -1.0937463e-06   1.0180667e-02
   4.3544816e+00  -1.0932475e-06   1.0180676e-02
   4.3544900e+00  -1.0922504e-06   1.0180693e-02
   4.3545066e+00  -1.0902587e-06   1.0180727e-02
   4.3545399e+00  -1.0862849e-06   1.0180795e-02
   4.3546066e+00  -1.0783760e-06   1.0180930e-02
   4.3547399e+00  -1.0627112e-06   1.0181199e-02
   4.3550065e+00  -1.0319850e-06   1.0181730e-02
   4.3555397e+00  -9.7287488e-07   1.0182760e-02
   4.3566062e+00  -8.6347932e-07   1.0184699e-02
   4.3587391e+00  -6.7603157e-07   1.0188094e-02
   4.3630048e+00  -4.0028381e-07   1.0192958e-02
   4.3715363e+00  -9.9789158e-08   1.0195089e-02
   4.3885993e+00   7.9034814e-08   1.0169778e-02
   4.4227254e+00   5.8514988e-08   1.0007592e-02
   4.4348757e+00   2.0962425e-06   9.9163016e-03
   4.4348757e+00   2.0962425e-06   9.9163016e-03
   4.5031278e+00   1.6150015e-04   9.1241440e-03
   4.5713798e+00   1.3088566e-02   7.9437090e-03
   4.6019655e+00   6.8736731e-03   7.3240618e-03
   4.6325511e+00   3.6024508e-03   6.6647506e-03
   4.6987943e+00   2.5389901e-01   5.1533887e-03
   4.7197987e+00   4.3368433e-02   4.6632649e-03
   4.7408031e+00   7.4795513e-03   4.1731929e-03
   4.7891078e+00   6.8798898e-02   3.0614599e-03
   4.8215670e+00   5.2590522e-02   2.3384805e-03
   4.8283248e+00   2.0647176e-03   2.1913459e-03
   4.8283248e+00   2.0647176e-03   2.1913459e-03
   4.8318277e+00   9.7003566e-04   2.1155963e-03
   4.8318277e+00   9.7003566e-04   2.1155963e-03
   4.8353305e+00   6.7861171e-04   2.0402381e-03
   4.8388334e+00   4.7473801e-04   1.9652510e-03
   4.8458391e+00   2.3236180e-04   1.8164261e-03
   4.8543159e+00   9.6476700e-05   1.6384832e-03
   4.8543159e+00   9.6476700e-05   1.6384832e-03
   4.8581160e+00   9.7952545e-05   1.5594987e-03
   4.8581160e+00   9.7952545e-05   1.5594987e-03
   4.8619162e+00   9.8707386e-05   1.4810162e-03
   4.8639642e+00   9.8813052e-05   1.4389312e-03
   4.8639642e+00   9.8813052e-05   1.4389312e-03
   4.8677643e+00   6.6780075e-05   1.3612408e-03
   4.8715644e+00   4.4632600e-05   1.2840776e-03
   4.8728213e+00   3.8929194e-05   1.2586736e-03
   4.8728213e+00   3.8929194e-05   1.2586736e-03
   4.8804215e+00   1.6050172e-05   1.1063295e-03
   4.8880218e+00   5.1824834e-06   9.5621897e-04
   4.9032222e+00  -2.2330044e-06   6.6297871e-04
   4.9336232e+00  -2.7323299e-06   1.0619924e-04
   4.9800551e+00   2.2117055e-05  -6.6112342e-04
   4.9800551e+00   2.2117055e-05  -6.6112342e-04
   4.9800551e+00   2.2117055e-05  -6.6112342e-04
   4.9800551e+00   2.2117055e-05  -6.6112342e-04
   4.9800551e+00   2.2117055e-05  -6.6112342e-04
   4.9800551e+00   2.2117055e-05  -6.6112342e-04
   4.9800551e+00   2.2117055e-05  -6.6112342e-04
   4.9800551e+00   2.2117055e-05  -6.6112342e-04
   4.9800551e+00   2.2117055e-05  -6.6112342e-04
   4.9800551e+00   2.2117055e-05  -6.6112342e-04
   4.9800551e+00   2.2117055e-05  -6.6112342e-04
   4.9800551e+00   2.2117055e-05  -6.6112342e-04
   4.9800551e+00   2.2117055e-05  -6.6112342e-04
   4.9800551e+00   2.2117055e-05  -6.6112342e-04
   4.9800551e+00   2.2117055e-05  -6.6112342e-04
   4.9800551e+00   2.2117055e-05  -6.6112342e-04
   4.9800551e+00   2.2117054e-05  -6.6112342e-04
   4.9800551e+00   2.2117054e-05  -6.6112342e-04
   4.9800551e+00   2.2117053e-05  -6.6112343e-04
   4.9800551e+00   2.2117050e-05  -6.6112344e-04
   4.9800551e+00   2.2117046e-05  -6.6112347e-04
   4.9800551e+00   2.2117037e-05  -6.6112353e-04
   4.9800551e+00   2.2117019e-05  -6.6112364e-04
   4.9800552e+00   2.2116983e-05  -6.6112387e-04
   4.9800552e+00   2.2116910e-05  -6.6112433e-04
   4.9800553e+00   2.2116766e-05  -6.6112525e-04
   4.9800554e+00   2.2116477e-05  -6.6112708e-04
   4.9800556e+00   2.2115900e-05  -6.6113075e-04
   4.9800561e+00   2.2114745e-05  -6.6113809e-04
   4.9800570e+00   2.2112436e-05  -6.6115276e-04
   4.9800589e+00   2.2107818e-05  -6.6118211e-04
   4.9800628e+00   2.2098585e-05  -6.6124080e-04
   4.9800704e+00   2.2080128e-05  -6.6135817e-04
   4.9800857e+00   2.2043257e-05  -6.6159292e-04
   4.9801162e+00   2.1969677e-05  -6.6206237e-04
   4.9801772e+00   2.1823173e-05  -6.6300114e-04
   4.9802993e+00   2.1532762e-05  -6.6487812e-04
   4.9805434e+00   2.0962194e-05  -6.6862982e-04
   4.9810317e+00   1.9860955e-05  -6.7612421e-04
   4.9820083e+00   1.7809560e-05  -6.9107688e-04
   4.9839614e+00   1.4248714e-05  -7.2083760e-04
   4.9878676e+00   8.8747773e-06  -7.7977871e-04
   4.9956801e+00   2.7169804e-06  -8.9532600e-04
   5.0113051e+00  -1.3576237e-06  -1.1169819e-03
   5.0425551e+00  -1.4777176e-06  -1.5219127e-03
   5.0889727e+00   1.2454415e-05  -2.0274331e-03
   5.0889727e+00   1.2454415e-05  -2.0274331e-03
   5.0889727e+00   1.2454415e-05  -2.0274331e-03
   5.0889727e+00   1.2454415e-05  -2.0274331e-03
   5.0889727e+00   1.2454415e-05  -2.0274331e-03
   5.0889727e+00   1.2454415e-05  -2.0274331e-03
   5.0889727e+00   1.2454415e-05  -2.0274331e-03
   5.0889727e+00   1.2454415e-05  -2.0274331e-03
   5.0889727e+00   1.2454415e-05  -2.0274331e-03
   5.0889727e+00   1.2454414e-05  -2.0274331e-03
   5.0889727e+00   1.2454413e-05  -2.0274331e-03
   5.0889727e+00   1.2454411e-05  -2.0274331e-03
   5.0889727e+00   1.2454407e-05  -2.0274331e-03
   5.0889727e+00   1.2454400e-05  -2.0274332e-03
   5.0889727e+00   1.2454384e-05  -2.0274333e-03
   5.0889728e+00   1.2454353e-05  -2.0274335e-03
   5.0889728e+00   1.2454291e-05  -2.0274340e-03
   5.0889729e+00   1.2454166e-05  -2.0274348e-03
   5.0889731e+00   1.2453917e-05  -2.0274366e-03
   5.0889735e+00   1.2453418e-05  -2.0274401e-03
   5.0889742e+00   1.2452421e-05  -2.0274472e-03
   5.0889757e+00   1.2450427e-05  -2.0274613e-03
   5.0889786e+00   1.2446439e-05  -2.0274895e-03
   5.0889844e+00   1.2438468e-05  -2.0275460e-03
   5.0889961e+00   1.2422539e-05  -2.0276589e-03
   5.0890195e+00   1.2390735e-05  -2.0278847e-03
   5.0890663e+00   1.2327345e-05  -2.0283361e-03
   5.0891599e+00   1.2201428e-05  -2.0292387e-03
   5.0893471e+00   1.1953009e-05  -2.0310424e-03
   5.0897215e+00   1.1469551e-05  -2.0346443e-03
   5.0904704e+00   1.0553951e-05  -2.0418256e-03
   5.0919680e+00   8.9115169e-06  -2.0560985e-03
   5.0949632e+00   6.2661907e-06  -2.0842855e-03
   5.1009537e+00   2.8217098e-06  -2.1392263e-03
   5.1129347e+00  -1.2977143e-07  -2.2433914e-03
   5.1368968e+00  -1.0752748e-06  -2.4290272e-03
   5.1848208e+00   1.2795735e-06  -2.7115312e-03
   5.2478748e+00   5.3888497e-06  -2.9127121e-03
   5.2478748e+00   5.3888497e-06  -2.9127121e-03
   5.2478748e+00   5.3888497e-06  -2.9127121e-03
   5.2478748e+00   5.3888497e-06  -2.9127121e-03
   5.2478748e+00   5.3888497e-06  -2.9127121e-03
   5.2478748e+00   5.3888497e-06  -2.9127121e-03
   5.2478748e+00   5.3888496e-06  -2.9127121e-03
   5.2478748e+00   5.3888496e-06  -2.9127121e-03
   5.2478748e+00   5.3888495e-06  -2.9127121e-03
   5.2478748e+00   5.3888493e-06  -2.9127121e-03
   5.2478748e+00   5.3888490e-06  -2.9127121e-03
   5.2478748e+00   5.3888482e-06  -2.9127121e-03
   5.2478748e+00   5.3888467e-06  -2.9127121e-03
   5.2478748e+00   5.3888438e-06  -2.9127121e-03
   5.2478748e+00   5.3888378e-06  -2.9127121e-03
   5.2478748e+00   5.3888259e-06  -2.9127121e-03
   5.2478749e+00   5.3888022e-06  -2.9127122e-03
   5.2478750e+00   5.3887546e-06  -2.9127123e-03
   5.2478751e+00   5.3886596e-06  -2.9127126e-03
   5.2478754e+00   5.3884694e-06  -2.9127132e-03
   5.2478761e+00   5.3880892e-06  -2.9127143e-03
   5.2478774e+00   5.3873288e-06  -2.9127166e-03
   5.2478799e+00   5.3858083e-06  -2.9127210e-03
   5.2478851e+00   5.3827684e-06  -2.9127300e-03
   5.2478954e+00   5.3766931e-06  -2.9127480e-03
   5.2479160e+00   5.3645609e-06  -2.9127840e-03
   5.2479573e+00   5.3403695e-06  -2.9128559e-03
   5.2480398e+00   5.2922771e-06  -2.9129994e-03
   5.2482047e+00   5.1972431e-06  -2.9132856e-03
   5.2485347e+00   5.0116941e-06  -2.9138545e-03
   5.2491946e+00   4.6580133e-06  -2.9149778e-03
   5.2505144e+00   4.0153573e-06  -2.9171671e-03
   5.2531541e+00   2.9535637e-06  -2.9213177e-03
   5.2584334e+00   1.4998590e-06  -2.9287125e-03
   5.2689920e+00   1.2433289e-07  -2.9399273e-03
   5.2901092e+00  -4.6421257e-07  -2.9484757e-03
   5.3323436e+00   3.8244985e-08  -2.9135617e-03
   5.3548549e+00  -1.4607247e-04  -2.8689520e-03
   5.3548549e+00  -1.4607247e-04  -2.8689520e-03
   5.4393237e+00  -4.5875749e-02  -2.5674286e-03
   5.4627810e+00  -8.6347826e-03  -2.4525984e-03
   5.4862383e+00  -1.6300320e-03  -2.3271875e-03
   5.5520490e+00  -1.0696631e-01  -1.9319701e-03
   5.5744772e+00  -1.8923494e-02  -1.7869075e-03
   5.5969054e+00  -3.3677423e-03  -1.6386070e-03
   5.6534753e+00  -8.4523247e-02  -1.2578335e-03
   5.6791890e+00  -2.0013885e-02  -1.0850516e-03
   5.7049026e+00  -4.7467512e-03  -9.1450733e-04
   5.7069809e+00  -5.6157256e-04  -9.0086130e-04
   5.7069809e+00  -5.6157256e-04  -9.0086130e-04
   5.7088466e+00  -2.6216266e-05  -8.8863200e-04
   5.7088466e+00  -2.6216266e-05  -8.8863200e-04
   5.7107123e+00  -2.6437482e-05  -8.7642246e-04
   5.7125780e+00  -2.6611774e-05  -8.6423318e-04
   5.7126468e+00  -2.6617301e-05  -8.6378395e-04
   5.7126468e+00  -2.6617301e-05  -8.6378395e-04
   5.7163781e+00  -2.6820459e-05  -8.3946956e-04
   5.7184949e+00  -2.6851133e-05  -8.2571448e-04
   5.7184949e+00  -2.6851133e-05  -8.2571448e-04
   5.7222262e+00  -1.8277279e-05  -8.0153750e-04
   5.7259576e+00  -1.2309572e-05  -7.7745286e-04
   5.7273519e+00  -1.0578505e-05  -7.6847744e-04
   5.7273519e+00  -1.0578505e-05  -7.6847744e-04
   5.7348146e+00  -4.4377135e-06  -7.2067421e-04
   5.7422773e+00  -1.4809362e-06  -6.7328762e-04
   5.7520185e+00   2.0176330e-07  -6.1210467e-04
   5.7520185e+00   2.0176330e-07  -6.1210467e-04
   5.7669439e+00   9.3530477e-07  -5.1996498e-04
   5.7818693e+00   1.0448064e-06  -4.2992614e-04
   5.8117201e+00   9.1778784e-07  -2.5686595e-04
   5.8714217e+00  -3.1135210e-07   5.6954822e-05
   5.9487425e+00  -3.2930669e-06   3.8963731e-04
   5.9487425e+00  -3.2930669e-06   3.8963731e-04
   5.9487425e+00  -3.2930668e-06   3.8963731e-04
   5.9487425e+00  -3.2930668e-06   3.8963731e-04
   5.9487425e+00  -3.2930668e-06   3.8963731e-04
   5.9487425e+00  -3.2930668e-06   3.8963731e-04
   5.9487425e+00  -3.2930667e-06   3.8963731e-04
   5.9487425e+00  -3.2930666e-06   3.8963731e-04
   5.9487425e+00  -3.2930663e-06   3.8963731e-04
   5.9487425e+00  -3.2930657e-06   3.8963732e-04
   5.9487425e+00  -3.2930646e-06   3.8963733e-04
   5.9487426e+00  -3.2930624e-06   3.8963735e-04
   5.9487426e+00  -3.2930580e-06   3.8963740e-04
   5.9487426e+00  -3.2930492e-06   3.8963749e-04
   5.9487426e+00  -3.2930316e-06   3.8963767e-04
   5.9487427e+00  -3.2929964e-06   3.8963804e-04
   5.9487429e+00  -3.2929259e-06   3.8963876e-04
   5.9487433e+00  -3.2927849e-06   3.8964022e-04
   5.9487441e+00  -3.2925031e-06   3.8964313e-04
   5.9487457e+00  -3.2919394e-06   3.8964896e-04
   5.9487488e+00  -3.2908124e-06   3.8966060e-04
   5.9487551e+00  -3.2885593e-06   3.8968390e-04
   5.9487676e+00  -3.2840572e-06   3.8973049e-04
   5.9487926e+00  -3.2750694e-06   3.8982367e-04
   5.9488426e+00  -3.2571595e-06   3.9000999e-04
   5.9489427e+00  -3.2216002e-06   3.9038252e-04
   5.9491428e+00  -3.1515125e-06   3.9112713e-04
   5.9495431e+00  -3.0153687e-06   3.9261450e-04
   5.9503436e+00  -2.7584980e-06   3.9558190e-04
   5.9519446e+00  -2.3011454e-06   4.0148726e-04
   5.9551467e+00  -1.5753491e-06   4.1318021e-04
   5.9615509e+00  -6.5739968e-07   4.3609405e-04
   5.9743592e+00   8.4894363e-08   4.8002774e-04
   5.9999758e+00   2.7672402e-07   5.6029240e-04
   6.0512091e+00  -6.9435966e-07   6.9049225e-04
   6.1182589e+00  -1.3473583e-06   8.0146866e-04
   6.1182589e+00  -1.3473583e-06   8.0146866e-04
   6.1182589e+00  -1.3473583e-06   8.0146866e-04
   6.1182589e+00  -1.3473583e-06   8.0146866e-04
   6.1182589e+00  -1.3473583e-06   8.0146866e-04
   6.1182589e+00  -1.3473583e-06   8.0146866e-04
   6.1182589e+00  -1.3473583e-06   8.0146866e-04
   6.1182589e+00  -1.3473582e-06   8.0146866e-04
   6.1182589e+00  -1.3473581e-06   8.0146867e-04
   6.1182589e+00  -1.3473580e-06   8.0146867e-04
   6.1182589e+00  -1.3473577e-06   8.0146867e-04
   6.1182589e+00  -1.3473571e-06   8.0146867e-04
   6.1182589e+00  -1.3473559e-06   8.0146868e-04
   6.1182589e+00  -1.3473535e-06   8.0146870e-04
   6.1182589e+00  -1.3473487e-06   8.0146874e-04
   6.1182590e+00  -1.3473391e-06   8.0146882e-04
   6.1182591e+00  -1.3473199e-06   8.0146897e-04
   6.1182594e+00  -1.3472814e-06   8.0146928e-04
   6.1182599e+00  -1.3472046e-06   8.0146989e-04
   6.1182609e+00  -1.3470508e-06   8.0147111e-04
   6.1182630e+00  -1.3467434e-06   8.0147355e-04
   6.1182672e+00  -1.3461288e-06   8.0147844e-04
   6.1182755e+00  -1.3449004e-06   8.0148821e-04
   6.1182922e+00  -1.3424465e-06   8.0150776e-04
   6.1183255e+00  -1.3375506e-06   8.0154684e-04
   6.1183922e+00  -1.3278063e-06   8.0162496e-04
   6.1185256e+00  -1.3085066e-06   8.0178100e-04
   6.1187924e+00  -1.2706510e-06   8.0209234e-04
   6.1193259e+00  -1.1978271e-06   8.0271205e-04
   6.1203930e+00  -1.0630577e-06   8.0393957e-04
   6.1225272e+00  -8.3215395e-07   8.0634712e-04
   6.1267956e+00  -4.9254213e-07   8.1097305e-04
   6.1353322e+00  -1.2258583e-07   8.1947441e-04
   6.1524056e+00   9.7403296e-08   8.3352696e-04
   6.1865524e+00   7.1905827e-08   8.5027730e-04
   6.2344265e+00  -7.3025896e-07   8.5009977e-04
   6.2344265e+00  -7.3025896e-07   8.5009977e-04
   6.2344265e+00  -7.3025892e-07   8.5009977e-04
   6.2344265e+00  -7.3025892e-07   8.5009977e-04
   6.2344265e+00  -7.3025889e-07   8.5009977e-04
   6.2344265e+00  -7.3025886e-07   8.5009977e-04
   6.2344265e+00  -7.3025880e-07   8.5009977e-04
   6.2344265e+00  -7.3025868e-07   8.5009977e-04
   6.2344265e+00  -7.3025844e-07   8.5009977e-04
   6.2344265e+00  -7.3025795e-07   8.5009977e-04
   6.2344265e+00  -7.3025698e-07   8.5009976e-04
   6.2344265e+00  -7.3025503e-07   8.5009976e-04
   6.2344266e+00  -7.3025114e-07   8.5009974e-04
   6.2344267e+00  -7.3024336e-07   8.5009972e-04
   6.2344268e+00  -7.3022779e-07   8.5009966e-04
   6.2344272e+00  -7.3019666e-07   8.5009956e-04
   6.2344280e+00  -7.3013439e-07   8.5009935e-04
   6.2344296e+00  -7.3000988e-07   8.5009892e-04
   6.2344327e+00  -7.2976092e-07   8.5009807e-04
   6.2344389e+00  -7.2926321e-07   8.5009638e-04
   6.2344514e+00  -7.2826870e-07   8.5009298e-04
   6.2344763e+00  -7.2628330e-07   8.5008618e-04
   6.2345261e+00  -7.2232692e-07   8.5007257e-04
   6.2346258e+00  -7.1447150e-07   8.5004527e-04
   6.2348252e+00  -6.9898753e-07   8.4999034e-04
   6.2352239e+00  -6.6890684e-07   8.4987920e-04
   6.2360213e+00  -6.1213906e-07   8.4965184e-04
   6.2376161e+00  -5.1101997e-07   8.4917678e-04
   6.2408058e+00  -3.5040660e-07   8.4814583e-04
   6.2471852e+00  -1.4691674e-07   8.4576435e-04
   6.2599439e+00   1.8207679e-08   8.3975314e-04
   6.2750592e+00   7.5706879e-08   8.3055873e-04
   6.2750592e+00   7.5706879e-08   8.3055873e-04
   6.3005766e+00   7.0425621e-08   8.1026603e-04
   6.3260941e+00   6.2544237e-08   7.8445847e-04
   6.3771290e+00   4.3579245e-08   7.1864125e-04
   6.4447113e+00  -2.4095969e-07   6.0911253e-04
   6.4447113e+00  -2.4095969e-07   6.0911253e-04
   6.4447113e+00  -2.4095969e-07   6.0911253e-04
   6.4447113e+00  -2.4095969e-07   6.0911253e-04
   6.4447113e+00  -2.4095969e-07   6.0911253e-04
   6.4447113e+00  -2.4095969e-07   6.0911253e-04
   6.4447113e+00  -2.4095969e-07   6.0911253e-04
   6.4447113e+00  -2.4095969e-07   6.0911253e-04
   6.4447113e+00  -2.4095969e-07   6.0911253e-04
   6.4447113e+00  -2.4095969e-07   6.0911253e-04
   6.4447113e+00  -2.4095969e-07   6.0911253e-04
   6.4447113e+00  -2.4095969e-07   6.0911253e-04
   6.4447113e+00  -2.4095969e-07   6.0911253e-04
   6.4447113e+00  -2.4095969e-07   6.0911253e-04
   6.4447113e+00  -2.4095969e-07   6.0911253e-04
   6.4447113e+00  -2.4095969e-07   6.0911253e-04
   6.4447113e+00  -2.4095968e-07   6.0911253e-04
   6.4447113e+00  -2.4095968e-07   6.0911253e-04
   6.4447113e+00  -2.4095966e-07   6.0911253e-04
   6.4447113e+00  -2.4095964e-07   6.0911252e-04
   6.4447113e+00  -2.4095959e-07   6.0911252e-04
   6.4447113e+00  -2.4095949e-07   6.0911252e-04
   6.4447113e+00  -2.4095930e-07   6.0911250e-04
   6.4447113e+00  -2.4095890e-07   6.0911248e-04
   6.4447113e+00  -2.4095812e-07   6.0911242e-04
   6.4447114e+00  -2.4095654e-07   6.0911232e-04
   6.4447115e+00  -2.4095340e-07   6.0911211e-04
   6.4447117e+00  -2.4094711e-07   6.0911169e-04
   6.4447122e+00  -2.4093453e-07   6.0911085e-04
   6.4447132e+00  -2.4090937e-07   6.0910917e-04
   6.4447151e+00  -2.4085906e-07   6.0910580e-04
   6.4447189e+00  -2.4075846e-07   6.0909908e-04
   6.4447265e+00  -2.4055738e-07   6.0908563e-04
   6.4447418e+00  -2.4015568e-07   6.0905872e-04
   6.4447723e+00  -2.3935405e-07   6.0900491e-04
   6.4448333e+00  -2.3775791e-07   6.0889728e-04
   6.4449554e+00  -2.3459396e-07   6.0868199e-04
   6.4451996e+00  -2.2837776e-07   6.0825124e-04
   6.4456878e+00  -2.1638003e-07   6.0738914e-04
   6.4466644e+00  -1.9403057e-07   6.0566249e-04
   6.4486175e+00  -1.5523603e-07   6.0219952e-04
   6.4525238e+00  -9.6688321e-08   5.9523575e-04
   6.4603363e+00  -2.9600704e-08   5.8116377e-04
   6.4759613e+00   1.4790983e-08   5.5249606e-04
   6.5072113e+00   1.6099281e-08   4.9348848e-04
   6.5536288e+00  -1.3568766e-07   4.0342137e-04
   6.5536288e+00  -1.3568766e-07   4.0342137e-04
   6.5536288e+00  -1.3568766e-07   4.0342137e-04
   6.5963540e+00  -1.0831930e-07   3.2011156e-04
   6.5963540e+00  -1.0831930e-07   3.2011156e-04
   6.5963540e+00  -1.0831927e-07   3.2011156e-04
   6.5963540e+00  -1.0831927e-07   3.2011156e-04
   6.5963540e+00  -1.0831924e-07   3.2011155e-04
   6.5963540e+00  -1.0831921e-07   3.2011155e-04
   6.5963540e+00  -1.0831915e-07   3.2011154e-04
   6.5963541e+00  -1.0831903e-07   3.2011152e-04
   6.5963541e+00  -1.0831878e-07   3.2011148e-04
   6.5963541e+00  -1.0831829e-07   3.2011140e-04
   6.5963542e+00  -1.0831732e-07   3.2011124e-04
   6.5963544e+00  -1.0831537e-07   3.2011092e-04
   6.5963547e+00  -1.0831148e-07   3.2011028e-04
   6.5963553e+00  -1.0830369e-07   3.2010901e-04
   6.5963567e+00  -1.0828811e-07   3.2010646e-04
   6.5963593e+00  -1.0825695e-07   3.2010137e-04
   6.5963645e+00  -1.0819466e-07   3.2009119e-04
   6.5963751e+00  -1.0807018e-07   3.2007082e-04
   6.5963961e+00  -1.0782161e-07   3.2003008e-04
   6.5964381e+00  -1.0732598e-07   3.1994860e-04
   6.5965222e+00  -1.0634078e-07   3.1978566e-04
   6.5966904e+00  -1.0439442e-07   3.1945979e-04
   6.5970267e+00  -1.0059602e-07   3.1880812e-04
   6.5976994e+00  -9.3362496e-08   3.1750511e-04
   6.5990448e+00  -8.0243125e-08   3.1490036e-04
   6.6017357e+00  -5.8646781e-08   3.0969620e-04
   6.6071173e+00  -2.9292188e-08   2.9931083e-04
   6.6178806e+00  -1.9093625e-09   2.7864432e-04
   6.6394071e+00   9.3756060e-09   2.3782467e-04
   6.6722839e+00   5.7821539e-09   1.7720536e-04
   6.6722839e+00   5.7821539e-09   1.7720536e-04
   6.7153369e+00  -1.0461218e-08   1.0195787e-04
   6.7504711e+00  -4.8062076e-08   4.4829704e-05
   6.7504711e+00  -4.8062076e-08   4.4829704e-05
   6.7504711e+00  -4.8062076e-08   4.4829704e-05
   6.7504711e+00  -4.8062076e-08   4.4829704e-05
   6.7504711e+00  -4.8062076e-08   4.4829704e-05
   6.7504711e+00  -4.8062076e-08   4.4829704e-05
   6.7504711e+00  -4.8062076e-08   4.4829704e-05
   6.7504711e+00  -4.8062076e-08   4.4829704e-05
   6.7504711e+00  -4.8062076e-08   4.4829704e-05
   6.7504711e+00  -4.8062076e-08   4.4829704e-05
   6.7504711e+00  -4.8062076e-08   4.4829704e-05
   6.7504711e+00  -4.8062076e-08   4.4829704e-05
   6.7504711e+00  -4.8062076e-08   4.4829704e-05
   6.7504711e+00  -4.8062076e-08   4.4829704e-05
   6.7504711e+00  -4.8062076e-08   4.4829704e-05
   6.7504711e+00  -4.8062076e-08   4.4829704e-05
   6.7504711e+00  -4.8062075e-08   4.4829704e-05
   6.7504711e+00  -4.8062074e-08   4.4829703e-05
   6.7504711e+00  -4.8062071e-08   4.4829703e-05
   6.7504711e+00  -4.8062067e-08   4.4829701e-05
   6.7504711e+00  -4.8062057e-08   4.4829698e-05
   6.7504711e+00  -4.8062037e-08   4.4829692e-05
   6.7504711e+00  -4.8061998e-08   4.4829681e-05
   6.7504711e+00  -4.8061920e-08   4.4829657e-05
   6.7504711e+00  -4.8061763e-08   4.4829611e-05
   6.7504712e+00  -4.8061449e-08   4.4829518e-05
   6.7504713e+00  -4.8060822e-08   4.4829331e-05
   6.7504716e+00  -4.8059567e-08   4.4828958e-05
   6.7504720e+00  -4.8057058e-08   4.4828212e-05
   6.7504730e+00  -4.8052039e-08   4.4826719e-05
   6.7504749e+00  -4.8042004e-08   4.4823734e-05
   6.7504787e+00  -4.8021939e-08   4.4817764e-05
   6.7504863e+00  -4.7981832e-08   4.4805824e-05
   6.7505016e+00  -4.7901707e-08   4.4781945e-05
   6.7505321e+00  -4.7741813e-08   4.4734189e-05
   6.7505932e+00  -4.7423447e-08   4.4638687e-05
   6.7507152e+00  -4.6792362e-08   4.4447723e-05
   6.7509594e+00  -4.5552471e-08   4.4065957e-05
   6.7514476e+00  -4.3159391e-08   4.3303072e-05
   6.7524242e+00  -3.8701545e-08   4.1779895e-05
   6.7543773e+00  -3.0963543e-08   3.8743947e-05
   6.7582836e+00  -1.9285555e-08   3.2713962e-05
   6.7660961e+00  -5.9041873e-09   2.0823890e-05
   6.7817211e+00   2.9502256e-09  -2.2596398e-06
   6.8129711e+00   3.2111800e-09  -4.5519192e-05
   6.8593886e+00  -2.7064417e-08  -1.0221835e-04
   6.8593886e+00  -2.7064417e-08  -1.0221835e-04
   6.8593886e+00  -2.7064417e-08  -1.0221835e-04
   6.9021138e+00  -2.1605492e-08  -1.4606514e-04
   6.9021138e+00  -2.1605492e-08  -1.4606514e-04
   6.9021139e+00  -2.1605462e-08  -1.4606515e-04
   6.9021139e+00  -2.1605462e-08  -1.4606515e-04
   6.9021139e+00  -2.1605431e-08  -1.4606516e-04
   6.9021139e+00  -2.1605401e-08  -1.4606518e-04
   6.9021139e+00  -2.1605340e-08  -1.4606520e-04
   6.9021140e+00  -2.1605218e-08  -1.4606525e-04
   6.9021141e+00  -2.1604975e-08  -1.4606534e-04
   6.9021143e+00  -2.1604489e-08  -1.4606553e-04
   6.9021147e+00  -2.1603516e-08  -1.4606592e-04
   6.9021155e+00  -2.1601571e-08  -1.4606668e-04
   6.9021171e+00  -2.1597681e-08  -1.4606821e-04
   6.9021204e+00  -2.1589904e-08  -1.4607128e-04
   6.9021270e+00  -2.1574356e-08  -1.4607740e-04
   6.9021402e+00  -2.1543289e-08  -1.4608965e-04
   6.9021665e+00  -2.1481276e-08  -1.4611414e-04
   6.9022191e+00  -2.1357725e-08  -1.4616312e-04
   6.9023244e+00  -2.1112515e-08  -1.4626103e-04
   6.9025349e+00  -2.0629567e-08  -1.4645672e-04
   6.9029559e+00  -1.9692868e-08  -1.4684749e-04
   6.9037979e+00  -1.7930860e-08  -1.4762666e-04
   6.9054820e+00  -1.4812394e-08  -1.4917548e-04
   6.9088501e+00  -9.9219200e-09  -1.5223503e-04
   6.9155862e+00  -3.8792949e-09  -1.5820178e-04
   6.9290586e+00   7.8397389e-10  -1.6952615e-04
   6.9560034e+00   1.7535365e-09  -1.8974707e-04
   7.0098930e+00  -7.5511482e-09  -2.2064136e-04
   7.0801580e+00  -8.4499594e-09  -2.4276614e-04
   7.0801580e+00  -8.4499595e-09  -2.4276614e-04
   7.0801580e+00  -8.4499291e-09  -2.4276614e-04
   7.0801580e+00  -8.4499291e-09  -2.4276614e-04
   7.0801580e+00  -8.4498987e-09  -2.4276615e-04
   7.0801581e+00  -8.4498683e-09  -2.4276615e-04
   7.0801581e+00  -8.4498075e-09  -2.4276616e-04
   7.0801583e+00  -8.4496860e-09  -2.4276619e-04
   7.0801585e+00  -8.4494428e-09  -2.4276623e-04
   7.0801591e+00  -8.4489566e-09  -2.4276633e-04
   7.0801601e+00  -8.4479842e-09  -2.4276651e-04
   7.0801622e+00  -8.4460397e-09  -2.4276689e-04
   7.0801664e+00  -8.4421519e-09  -2.4276763e-04
   7.0801748e+00  -8.4343811e-09  -2.4276912e-04
   7.0801916e+00  -8.4188585e-09  -2.4277210e-04
   7.0802253e+00  -8.3878895e-09  -2.4277806e-04
   7.0802925e+00  -8.3262549e-09  -2.4278997e-04
   7.0804271e+00  -8.2041900e-09  -2.4281373e-04
   7.0806962e+00  -7.9648050e-09  -2.4286105e-04
   7.0812343e+00  -7.5044482e-09  -2.4295487e-04
   7.0823106e+00  -6.6530731e-09  -2.4313928e-04
   7.0844633e+00  -5.1963284e-09  -2.4349513e-04
   7.0887686e+00  -3.0593751e-09  -2.4415528e-04
   7.0973792e+00  -7.4345283e-10  -2.4527160e-04
   7.1146003e+00   6.1844579e-10  -2.4670658e-04
   7.1490427e+00   4.3789499e-10  -2.4653890e-04
   7.1953292e+00   1.3519952e-09  -2.4049075e-04
   7.1953292e+00   1.3519952e-09  -2.4049075e-04
   7.2642139e+00   6.1251801e-08  -2.2105671e-04
   7.3330986e+00   5.2148876e-06  -1.9208859e-04
   7.4708679e+00   3.5635375e-02  -1.1853552e-04
   7.5017307e+00   1.9847990e-02  -1.0108152e-04
   7.5325934e+00   1.0988954e-02  -8.3776894e-05
   7.5860144e+00   1.9986812e-01  -5.4756529e-05
   7.5925738e+00   8.9354389e-02  -5.1310557e-05
   7.5925738e+00   8.9354389e-02  -5.1310557e-05
   7.6155508e+00   1.6244813e-02  -3.9492481e-05
   7.6253444e+00   4.5581328e-03  -3.4584864e-05
   7.6253444e+00   4.5581328e-03  -3.4584864e-05
   7.6483214e+00   9.1701300e-04  -2.3406396e-05
   7.6578658e+00   2.1295857e-04  -1.8910193e-05
   7.6578658e+00   2.1295857e-04  -1.8910193e-05
   7.6616656e+00   2.1621689e-04  -1.7145346e-05
   7.6616656e+00   2.1621689e-04  -1.7145346e-05
   7.6654655e+00   2.1788304e-04  -1.5395152e-05
   7.6675138e+00   2.1811634e-04  -1.4457872e-05
   7.6675138e+00   2.1811634e-04  -1.4457872e-05
   7.6713136e+00   1.4741197e-04  -1.2730598e-05
   7.6751135e+00   9.8526039e-05  -1.1018448e-05
   7.6763709e+00   8.5930769e-05  -1.0455231e-05
   7.6763709e+00   8.5930769e-05  -1.0455231e-05
   7.6839706e+00   3.5430956e-05  -7.0872704e-06
   7.6915703e+00   1.1441914e-05  -3.7820904e-06
   7.7067698e+00  -4.9281329e-06   2.6349108e-06
   7.7371686e+00  -6.0319824e-06   1.4664542e-05
   7.7836012e+00   4.8821292e-05   3.0860833e-05
   7.7836012e+00   4.8821292e-05   3.0860833e-05
   7.7836012e+00   4.8821292e-05   3.0860833e-05
   7.7836012e+00   4.8821292e-05   3.0860833e-05
   7.7836012e+00   4.8821292e-05   3.0860833e-05
   7.7836012e+00   4.8821292e-05   3.0860833e-05
   7.7836012e+00   4.8821292e-05   3.0860833e-05
   7.7836012e+00   4.8821291e-05   3.0860833e-05
   7.7836012e+00   4.8821291e-05   3.0860833e-05
   7.7836012e+00   4.8821291e-05   3.0860833e-05
   7.7836012e+00   4.8821290e-05   3.0860833e-05
   7.7836012e+00   4.8821288e-05   3.0860833e-05
   7.7836012e+00   4.8821284e-05   3.0860833e-05
   7.7836012e+00   4.8821276e-05   3.0860834e-05
   7.7836012e+00   4.8821261e-05   3.0860835e-05
   7.7836012e+00   4.8821230e-05   3.0860837e-05
   7.7836012e+00   4.8821168e-05   3.0860840e-05
   7.7836013e+00   4.8821045e-05   3.0860848e-05
   7.7836013e+00   4.8820799e-05   3.0860862e-05
   7.7836014e+00   4.8820306e-05   3.0860892e-05
   7.7836016e+00   4.8819319e-05   3.0860951e-05
   7.7836020e+00   4.8817347e-05   3.0861069e-05
   7.7836027e+00   4.8813403e-05   3.0861305e-05
   7.7836042e+00   4.8805516e-05   3.0861776e-05
   7.7836071e+00   4.8789745e-05   3.0862719e-05
   7.7836130e+00   4.8758217e-05   3.0864606e-05
   7.7836248e+00   4.8695215e-05   3.0868378e-05
   7.7836484e+00   4.8569427e-05   3.0875922e-05
   7.7836957e+00   4.8318718e-05   3.0891009e-05
   7.7837901e+00   4.7820744e-05   3.0921174e-05
   7.7839790e+00   4.6838426e-05   3.0981469e-05
   7.7843568e+00   4.4927169e-05   3.1101923e-05
   7.7851123e+00   4.1309289e-05   3.1342284e-05
   7.7866234e+00   3.4825729e-05   3.1820817e-05
   7.7896456e+00   2.4403342e-05   3.2769121e-05
   7.7956900e+00   1.0883728e-05   3.4630602e-05
   7.8077788e+00  -6.1395298e-07   3.8212558e-05
   7.8319563e+00  -4.2047465e-06   4.4809750e-05
   7.8803114e+00   5.5577343e-06   5.5735762e-05
   7.9438853e+00   2.0978944e-05   6.5591412e-05
   7.9438853e+00   2.0978944e-05   6.5591412e-05
   7.9438853e+00   2.0978944e-05   6.5591412e-05
   7.9438853e+00   2.0978944e-05   6.5591412e-05
   7.9438853e+00   2.0978944e-05   6.5591412e-05
   7.9438853e+00   2.0978944e-05   6.5591412e-05
   7.9438853e+00   2.0978944e-05   6.5591412e-05
   7.9438853e+00   2.0978944e-05   6.5591412e-05
   7.9438853e+00   2.0978943e-05   6.5591412e-05
   7.9438853e+00   2.0978941e-05   6.5591412e-05
   7.9438853e+00   2.0978939e-05   6.5591412e-05
   7.9438853e+00   2.0978933e-05   6.5591413e-05
   7.9438853e+00   2.0978921e-05   6.5591413e-05
   7.9438853e+00   2.0978898e-05   6.5591414e-05
   7.9438853e+00   2.0978851e-05   6.5591417e-05
   7.9438853e+00   2.0978758e-05   6.5591421e-05
   7.9438854e+00   2.0978572e-05   6.5591431e-05
   7.9438856e+00   2.0978200e-05   6.5591450e-05
   7.9438859e+00   2.0977455e-05   6.5591487e-05
   7.9438866e+00   2.0975966e-05   6.5591562e-05
   7.9438879e+00   2.0972988e-05   6.5591713e-05
   7.9438904e+00   2.0967032e-05   6.5592014e-05
   7.9438956e+00   2.0955126e-05   6.5592616e-05
   7.9439060e+00   2.0931331e-05   6.5593819e-05
   7.9439268e+00   2.0883814e-05   6.5596226e-05
   7.9439682e+00   2.0789068e-05   6.5601037e-05
   7.9440512e+00   2.0600720e-05   6.5610654e-05
   7.9442172e+00   2.0228557e-05   6.5629864e-05
   7.9445492e+00   1.9502035e-05   6.5668184e-05
   7.9452131e+00   1.8117591e-05   6.5744429e-05
   7.9465409e+00   1.5603446e-05   6.5895342e-05
   7.9491966e+00   1.1454360e-05   6.6190869e-05
   7.9545080e+00   5.7866932e-06   6.6756844e-05
   7.9651307e+00   4.4772212e-07   6.7789408e-05
   7.9863762e+00  -1.8102330e-06   6.9464866e-05
   8.0288672e+00   2.0937971e-07   7.1326757e-05
   8.0854465e+00   9.9456085e-06   7.0988199e-05
   8.0854465e+00   9.9456085e-06   7.0988199e-05
   8.0854465e+00   9.9456085e-06   7.0988199e-05
   8.0854465e+00   9.9456085e-06   7.0988199e-05
   8.0854465e+00   9.9456084e-06   7.0988199e-05
   8.0854465e+00   9.9456084e-06   7.0988199e-05
   8.0854465e+00   9.9456083e-06   7.0988199e-05
   8.0854465e+00   9.9456082e-06   7.0988198e-05
   8.0854465e+00   9.9456080e-06   7.0988198e-05
   8.0854465e+00   9.9456075e-06   7.0988198e-05
   8.0854465e+00   9.9456064e-06   7.0988198e-05
   8.0854465e+00   9.9456044e-06   7.0988198e-05
   8.0854465e+00   9.9456004e-06   7.0988198e-05
   8.0854465e+00   9.9455923e-06   7.0988198e-05
   8.0854465e+00   9.9455761e-06   7.0988198e-05
   8.0854465e+00   9.9455437e-06   7.0988197e-05
   8.0854466e+00   9.9454789e-06   7.0988195e-05
   8.0854467e+00   9.9453494e-06   7.0988191e-05
   8.0854469e+00   9.9450904e-06   7.0988183e-05
   8.0854474e+00   9.9445723e-06   7.0988168e-05
   8.0854484e+00   9.9435363e-06   7.0988138e-05
   8.0854503e+00   9.9414645e-06   7.0988077e-05
   8.0854541e+00   9.9373221e-06   7.0987955e-05
   8.0854617e+00   9.9290418e-06   7.0987711e-05
   8.0854769e+00   9.9124997e-06   7.0987223e-05
   8.0855074e+00   9.8794889e-06   7.0986246e-05
   8.0855683e+00   9.8137600e-06   7.0984291e-05
   8.0856900e+00   9.6834655e-06   7.0980371e-05
   8.0859336e+00   9.4274658e-06   7.0972492e-05
   8.0864208e+00   8.9333268e-06   7.0956580e-05
   8.0873951e+00   8.0126902e-06   7.0924138e-05
   8.0893437e+00   6.4141124e-06   7.0856795e-05
   8.0932408e+00   4.0000231e-06   7.0712347e-05
   8.1010352e+00   1.2303015e-06   7.0384981e-05
   8.1156204e+00  -5.5779413e-07   6.9638648e-05
   8.1156204e+00  -5.5779413e-07   6.9638648e-05
   8.1312092e+00  -9.4853881e-07   6.8656813e-05
   8.1467980e+00  -9.7264401e-07   6.7495373e-05
   8.1779755e+00  -8.3386297e-07   6.4678190e-05
   8.2403305e+00   2.4496742e-07   5.7380657e-05
   8.3208595e+00   2.8757540e-06   4.5649381e-05
   8.3208595e+00   2.8757540e-06   4.5649381e-05
   8.3208595e+00   2.8757540e-06   4.5649381e-05
   8.3208595e+00   2.8757540e-06   4.5649381e-05
   8.3208595e+00   2.8757540e-06   4.5649381e-05
   8.3208595e+00   2.8757540e-06   4.5649381e-05
   8.3208595e+00   2.8757540e-06   4.5649381e-05
   8.3208595e+00   2.8757539e-06   4.5649381e-05
   8.3208595e+00   2.8757538e-06   4.5649381e-05
   8.3208595e+00   2.8757537e-06   4.5649381e-05
   8.3208595e+00   2.8757533e-06   4.5649381e-05
   8.3208595e+00   2.8757527e-06   4.5649381e-05
   8.3208595e+00   2.8757513e-06   4.5649380e-05
   8.3208595e+00   2.8757486e-06   4.5649379e-05
   8.3208595e+00   2.8757432e-06   4.5649376e-05
   8.3208596e+00   2.8757324e-06   4.5649371e-05
   8.3208596e+00   2.8757107e-06   4.5649360e-05
   8.3208598e+00   2.8756674e-06   4.5649338e-05
   8.3208601e+00   2.8755807e-06   4.5649295e-05
   8.3208606e+00   2.8754075e-06   4.5649209e-05
   8.3208617e+00   2.8750610e-06   4.5649037e-05
   8.3208639e+00   2.8743680e-06   4.5648693e-05
   8.3208683e+00   2.8729826e-06   4.5648004e-05
   8.3208771e+00   2.8702136e-06   4.5646627e-05
   8.3208947e+00   2.8646828e-06   4.5643873e-05
   8.3209299e+00   2.8536494e-06   4.5638365e-05
   8.3210004e+00   2.8316958e-06   4.5627348e-05
   8.3211413e+00   2.7882377e-06   4.5605310e-05
   8.3214230e+00   2.7030893e-06   4.5561224e-05
   8.3219865e+00   2.5396437e-06   4.5473006e-05
   8.3231135e+00   2.2384787e-06   4.5296388e-05
   8.3253675e+00   1.7269156e-06   4.4942442e-05
   8.3298755e+00   9.8721025e-07   4.4231808e-05
   8.3388916e+00   2.0790108e-07   4.2800411e-05
   8.3569237e+00  -2.2285944e-07   3.9903631e-05
   8.3929878e+00  -1.2278841e-07   3.4024660e-05
   8.4425301e+00   1.5140629e-06   2.5931940e-05
   8.4425301e+00   1.5140629e-06   2.5931940e-05
   8.4425301e+00   1.5140629e-06   2.5931940e-05
   8.4425301e+00   1.5140629e-06   2.5931940e-05
   8.4425301e+00   1.5140628e-06   2.5931940e-05
   8.4425301e+00   1.5140628e-06   2.5931940e-05
   8.4425301e+00   1.5140628e-06   2.5931940e-05
   8.4425301e+00   1.5140626e-06   2.5931940e-05
   8.4425301e+00   1.5140624e-06   2.5931940e-05
   8.4425302e+00   1.5140619e-06   2.5931939e-05
   8.4425302e+00   1.5140609e-06   2.5931938e-05
   8.4425302e+00   1.5140590e-06   2.5931936e-05
   8.4425302e+00   1.5140551e-06   2.5931933e-05
   8.4425302e+00   1.5140473e-06   2.5931925e-05
   8.4425303e+00   1.5140317e-06   2.5931910e-05
   8.4425305e+00   1.5140006e-06   2.5931879e-05
   8.4425309e+00   1.5139383e-06   2.5931818e-05
   8.4425317e+00   1.5138137e-06   2.5931697e-05
   8.4425332e+00   1.5135645e-06   2.5931453e-05
   8.4425362e+00   1.5130663e-06   2.5930966e-05
   8.4425422e+00   1.5120702e-06   2.5929992e-05
   8.4425542e+00   1.5100799e-06   2.5928043e-05
   8.4425783e+00   1.5061063e-06   2.5924147e-05
   8.4426264e+00   1.4981870e-06   2.5916353e-05
   8.4427226e+00   1.4824590e-06   2.5900767e-05
   8.4429150e+00   1.4514417e-06   2.5869596e-05
   8.4432998e+00   1.3911234e-06   2.5807266e-05
   8.4440695e+00   1.2770622e-06   2.5682644e-05
   8.4456088e+00   1.0730711e-06   2.5433561e-05
   8.4486875e+00   7.4647641e-07   2.4936063e-05
   8.4548448e+00   3.2618304e-07   2.3943940e-05
   8.4671595e+00  -2.5648511e-08   2.1972707e-05
   8.4917889e+00  -1.2959118e-07   1.8094039e-05
   8.5128673e+00  -5.1197196e-07   1.4857864e-05
   8.5128673e+00  -5.1197196e-07   1.4857864e-05
   8.5621260e+00  -3.7984196e-06   7.6775158e-06
   8.6113848e+00  -3.7202585e-05   1.1549943e-06
   8.7099022e+00  -3.0852956e-02  -9.4854802e-06
   8.7524511e+00  -1.3206051e-01  -1.2990394e-05
   8.7850057e+00  -1.0745457e-01  -1.5213943e-05
   8.8175604e+00  -8.5878416e-02  -1.7043188e-05
   8.8548041e+00  -1.6505931e-01  -1.8662997e-05
   8.8926255e+00  -4.0722699e-01  -1.9810911e-05
   8.9248909e+00  -3.9707984e-01  -2.0414742e-05
   8.9521244e+00  -1.2266766e-01  -2.0671296e-05
   8.9812383e+00  -5.0759404e-02  -2.0705893e-05
   9.0183418e+00  -9.0171316e-02  -2.0419619e-05
   9.0218854e+00   4.2100533e-04  -2.0374226e-05
   9.0218854e+00   4.2100534e-04  -2.0374226e-05
   9.0218854e+00   4.2100533e-04  -2.0374226e-05
   9.0218854e+00   4.2100533e-04  -2.0374226e-05
   9.0218854e+00   4.2100533e-04  -2.0374226e-05
   9.0218854e+00   4.2100532e-04  -2.0374226e-05
   9.0218854e+00   4.2100531e-04  -2.0374226e-05
   9.0218854e+00   4.2100529e-04  -2.0374226e-05
   9.0218854e+00   4.2100526e-04  -2.0374226e-05
   9.0218854e+00   4.2100518e-04  -2.0374226e-05
   9.0218854e+00   4.2100504e-04  -2.0374226e-05
   9.0218854e+00   4.2100474e-04  -2.0374226e-05
   9.0218855e+00   4.2100415e-04  -2.0374226e-05
   9.0218855e+00   4.2100298e-04  -2.0374225e-05
   9.0218855e+00   4.2100062e-04  -2.0374225e-05
   9.0218856e+00   4.2099591e-04  -2.0374223e-05
   9.0218858e+00   4.2098649e-04  -2.0374221e-05
   9.0218863e+00   4.2096765e-04  -2.0374215e-05
   9.0218871e+00   4.2092997e-04  -2.0374204e-05
   9.0218887e+00   4.2085462e-04  -2.0374183e-05
   9.0218920e+00   4.2070397e-04  -2.0374139e-05
   9.0218985e+00   4.2040279e-04  -2.0374053e-05
   9.0219116e+00   4.1980102e-04  -2.0373880e-05
   9.0219378e+00   4.1859978e-04  -2.0373533e-05
   9.0219901e+00   4.1620645e-04  -2.0372840e-05
   9.0220947e+00   4.1145620e-04  -2.0371451e-05
   9.0223040e+00   4.0209964e-04  -2.0368666e-05
   9.0227225e+00   3.8394885e-04  -2.0363065e-05
   9.0235595e+00   3.4979336e-04  -2.0351737e-05
   9.0252336e+00   2.8930007e-04  -2.0328582e-05
   9.0285818e+00   1.9429701e-04  -2.0280292e-05
   9.0352781e+00   7.6581753e-05  -2.0175901e-05
   9.0359148e+00   6.8893995e-05  -2.0165441e-05
   9.0359148e+00   6.8893995e-05  -2.0165441e-05
   9.0493075e+00  -1.6779817e-05  -1.9924401e-05
   9.0627002e+00  -3.7997126e-05  -1.9644642e-05
   9.0894855e+00  -3.8574903e-05  -1.8977121e-05
   9.1430563e+00   1.3654995e-05  -1.7267699e-05
   9.2129668e+00   1.5441217e-04  -1.4470287e-05
   9.2129668e+00   1.5441217e-04  -1.4470287e-05
   9.2129668e+00   1.5441217e-04  -1.4470287e-05
   9.2129668e+00   1.5441217e-04  -1.4470287e-05
   9.2129668e+00   1.5441217e-04  -1.4470287e-05
   9.2129668e+00   1.5441216e-04  -1.4470287e-05
   9.2129668e+00   1.5441216e-04  -1.4470287e-05
   9.2129668e+00   1.5441216e-04  -1.4470287e-05
   9.2129668e+00   1.5441216e-04  -1.4470287e-05
   9.2129668e+00   1.5441215e-04  -1.4470287e-05
   9.2129668e+00   1.5441213e-04  -1.4470287e-05
   9.2129668e+00   1.5441210e-04  -1.4470287e-05
   9.2129668e+00   1.5441203e-04  -1.4470287e-05
   9.2129668e+00   1.5441190e-04  -1.4470286e-05
   9.2129668e+00   1.5441164e-04  -1.4470286e-05
   9.2129668e+00   1.5441111e-04  -1.4470284e-05
   9.2129669e+00   1.5441005e-04  -1.4470281e-05
   9.2129670e+00   1.5440793e-04  -1.4470276e-05
   9.2129673e+00   1.5440369e-04  -1.4470265e-05
   9.2129678e+00   1.5439522e-04  -1.4470243e-05
   9.2129688e+00   1.5437827e-04  -1.4470200e-05
   9.2129708e+00   1.5434437e-04  -1.4470113e-05
   9.2129748e+00   1.5427661e-04  -1.4469939e-05
   9.2129828e+00   1.5414115e-04  -1.4469591e-05
   9.2129989e+00   1.5387057e-04  -1.4468894e-05
   9.2130309e+00   1.5333066e-04  -1.4467502e-05
   9.2130951e+00   1.5225588e-04  -1.4464717e-05
   9.2132234e+00   1.5012636e-04  -1.4459145e-05
   9.2134801e+00   1.4594633e-04  -1.4447999e-05
   9.2139934e+00   1.3789323e-04  -1.4425690e-05
   9.2150200e+00   1.2294622e-04  -1.4381013e-05
   9.2170733e+00   9.7187465e-05  -1.4291416e-05
   9.2211798e+00   5.8863121e-05  -1.4111286e-05
   9.2293929e+00   1.6160381e-05  -1.3747462e-05
   9.2458190e+00  -1.0486475e-05  -1.3007070e-05
   9.2786711e+00  -9.2263878e-06  -1.1487053e-05
   9.3256804e+00   8.5228852e-05  -9.2644160e-06
   9.3256804e+00   8.5228852e-05  -9.2644160e-06
   9.3256804e+00   8.5228852e-05  -9.2644160e-06
   9.3256804e+00   8.5228852e-05  -9.2644160e-06
   9.3256804e+00   8.5228852e-05  -9.2644160e-06
   9.3256804e+00   8.5228852e-05  -9.2644160e-06
   9.3256804e+00   8.5228852e-05  -9.2644160e-06
   9.3256804e+00   8.5228852e-05  -9.2644160e-06
   9.3256804e+00   8.5228851e-05  -9.2644160e-06
   9.3256804e+00   8.5228851e-05  -9.2644160e-06
   9.3256804e+00   8.5228850e-05  -9.2644160e-06
   9.3256804e+00   8.5228848e-05  -9.2644160e-06
   9.3256804e+00   8.5228844e-05  -9.2644160e-06
   9.3256804e+00   8.5228836e-05  -9.2644160e-06
   9.3256804e+00   8.5228820e-05  -9.2644159e-06
   9.3256804e+00   8.5228788e-05  -9.2644157e-06
   9.3256804e+00   8.5228725e-05  -9.2644154e-06
   9.3256804e+00   8.5228598e-05  -9.2644148e-06
   9.3256805e+00   8.5228344e-05  -9.2644135e-06
   9.3256805e+00   8.5227837e-05  -9.2644109e-06
   9.3256806e+00   8.5226821e-05  -9.2644057e-06
   9.3256809e+00   8.5224791e-05  -9.2643954e-06
   9.3256813e+00   8.5220730e-05  -9.2643747e-06
   9.3256822e+00   8.5212609e-05  -9.2643335e-06
   9.3256839e+00   8.5196368e-05  -9.2642509e-06
   9.3256874e+00   8.5163896e-05  -9.2640857e-06
   9.3256943e+00   8.5098983e-05  -9.2637553e-06
   9.3257083e+00   8.4969291e-05  -9.2630946e-06
   9.3257361e+00   8.4710432e-05  -9.2617731e-06
   9.3257918e+00   8.4194816e-05  -9.2591302e-06
   9.3259032e+00   8.3171934e-05  -9.2538444e-06
   9.3261260e+00   8.1159152e-05  -9.2432728e-06
   9.3265716e+00   7.7262250e-05  -9.2221303e-06
   9.3274628e+00   6.9957981e-05  -9.1798474e-06
   9.3292453e+00   5.7122063e-05  -9.0952919e-06
   9.3328101e+00   3.7273150e-05  -8.9262348e-06
   9.3399398e+00   1.3415520e-05  -8.5884339e-06
   9.3541991e+00  -3.9980806e-06  -7.9148554e-06
   9.3827178e+00  -6.5411023e-06  -6.5817073e-06
   9.4308574e+00   4.8949628e-05  -4.4037619e-06
   9.4308574e+00   4.8949628e-05  -4.4037619e-06
   9.4308574e+00   4.8949628e-05  -4.4037619e-06
   9.4331638e+00  -1.6992653e-05  -4.3024525e-06
   9.4331638e+00  -1.6992653e-05  -4.3024525e-06
   9.4354702e+00  -1.4863663e-05  -4.2014633e-06
   9.4377766e+00  -1.3145045e-05  -4.1007994e-06
   9.4423893e+00  -1.0627825e-05  -3.9004683e-06
   9.4516149e+00  -7.8470853e-06  -3.5039343e-06
   9.4700661e+00  -5.8796336e-06  -2.7284628e-06
   9.5069685e+00  -5.0898542e-06  -1.2558319e-06
   9.5807732e+00  -7.1382719e-05   1.3246059e-06
   9.6949640e+00  -1.4453973e-01   4.2135276e-06
   9.7305515e+00  -2.1938777e-01   4.8262322e-06
   9.7661390e+00  -3.7008914e-01   5.3045571e-06
   9.7968769e+00  -2.4116038e-01   5.6129621e-06
   9.8253494e+00  -9.1146388e-02   5.8155917e-06
   9.8575586e+00  -6.7345949e-02   5.9533963e-06
   9.8962469e+00  -1.6308151e-01   5.9991919e-06
   9.9357718e+00  -5.6596327e-01   5.9230050e-06
   9.9562117e+00  -1.0681869e-01   5.8394108e-06
   9.9562117e+00  -1.0681869e-01   5.8394108e-06
   9.9812110e+00  -2.3121825e-02   5.7000306e-06
   9.9947064e+00  -6.0763062e-03   5.6090472e-06
   9.9947064e+00  -6.0763062e-03   5.6090472e-06
   1.0000000e+01  -3.5414253e-03   5.5705233e-06
