   0.0000000e+00   0.0000000e+00   0.0000000e+00
   3.1554436e-30  -9.9568244e-59  -9.9568244e-59
   1.3877788e-18  -1.9259299e-35  -1.9259299e-35
   1.3877788e-18  -1.9259299e-35  -1.9259299e-35
   2.0095091e-06  -4.0378512e-11  -4.0381197e-11
   1.2057055e-05  -1.4531304e-09  -1.4537100e-09
   6.2294784e-05  -3.8724676e-08  -3.8804226e-08
   3.1348343e-04  -9.7253585e-07  -9.8243921e-07
   1.5694266e-03  -2.3476832e-05  -2.4594452e-05
   6.1343254e-03  -3.2398487e-04  -3.7370189e-04
   6.1557719e-03  -3.2612632e-04  -3.7630789e-04
   6.1557719e-03  -3.2612632e-04  -3.7630789e-04
   1.2888994e-02  -1.2925928e-03  -1.6261809e-03
   1.4260739e-02  -1.5563224e-03  -1.9804491e-03
   1.4260739e-02  -1.5563224e-03  -1.9804491e-03
   1.6796269e-02  -2.0988003e-03  -2.7055554e-03
   1.7695712e-02  -2.3078804e-03  -2.9769989e-03
   1.8595155e-02  -2.5254599e-03  -3.2528667e-03
   2.3092369e-02  -3.7367736e-03  -4.7114874e-03
   2.3959184e-02  -3.9931901e-03  -5.0078177e-03
   2.3959184e-02  -3.9931901e-03  -5.0078177e-03
   3.4431023e-02  -7.6592227e-03  -8.9756059e-03
   3.4431023e-02  -7.6592227e-03  -8.9756059e-03
   4.5009382e-02  -1.2420385e-02  -1.3711165e-02
   4.5009382e-02  -1.2420385e-02  -1.3711165e-02
   5.5696008e-02  -1.8298942e-02  -1.9237544e-02
   5.5696008e-02  -1.8298942e-02  -1.9237544e-02
   5.8471392e-02  -2.0000000e-02  -2.0794829e-02
   5.8471392e-02  -2.0000000e-02  -2.0794829e-02
   6.6492443e-02  -2.5317544e-02  -2.5578381e-02
   6.6492443e-02  -2.5317544e-02  -2.5578381e-02
   7.7400195e-02  -3.3499294e-02  -3.2757959e-02
   7.7400195e-02  -3.3499294e-02  -3.2757959e-02
   8.5181729e-02  -4.0000000e-02  -3.8354908e-02
   8.5181729e-02  -4.0000000e-02  -3.8354908e-02
   8.8420641e-02  -4.2867617e-02  -4.0801130e-02
   8.8420641e-02  -4.2867617e-02  -4.0801130e-02
   9.9555151e-02  -5.3446359e-02  -4.9733387e-02
   9.9555151e-02  -5.3446359e-02  -4.9733387e-02
   1.0000000e-01  -5.3892092e-02  -5.0107078e-02
   1.0035916e-01  -5.4251969e-02  -5.0408443e-02
   1.0035916e-01  -5.4251969e-02  -5.0408443e-02
   1.0258341e-01  -5.6448862e-02  -5.2236058e-02
   1.0480765e-01  -5.8591125e-02  -5.3997049e-02
   1.0630225e-01  -6.0000000e-02  -5.5142935e-02
   1.0630225e-01  -6.0000000e-02  -5.5142935e-02
   1.0943459e-01  -6.2872986e-02  -5.7446871e-02
   1.0943459e-01  -6.2872986e-02  -5.7446871e-02
   1.1256693e-01  -6.5638321e-02  -5.9618678e-02
   1.1569927e-01  -6.8296307e-02  -6.1658356e-02
   1.1858722e-01  -7.0652071e-02  -6.3421825e-02
   1.1858722e-01  -7.0652071e-02  -6.3421825e-02
   1.2485190e-01  -7.5450756e-02  -6.6861154e-02
   1.2781907e-01  -7.7575290e-02  -6.8305694e-02
   1.2781907e-01  -7.7575290e-02  -6.8305694e-02
   1.3138054e-01  -8.0000000e-02  -6.9883004e-02
   1.3138054e-01  -8.0000000e-02  -6.9883004e-02
   1.3494201e-01  -8.2288365e-02  -7.1289503e-02
   1.3713218e-01  -8.3628121e-02  -7.2069627e-02
   1.3713218e-01  -8.3628121e-02  -7.2069627e-02
   1.4069365e-01  -8.5697287e-02  -7.3200270e-02
   1.4425511e-01  -8.7631309e-02  -7.4186237e-02
   1.4652858e-01  -8.8795439e-02  -7.4767410e-02
   1.4652858e-01  -8.8795439e-02  -7.4767410e-02
   1.5079635e-01  -9.0832978e-02  -7.5781608e-02
   1.5079635e-01  -9.0832978e-02  -7.5781608e-02
   1.5085189e-01  -9.0858227e-02  -7.5794228e-02
   1.5085189e-01  -9.0858227e-02  -7.5794228e-02
   1.5108308e-01  -9.0962969e-02  -7.5846609e-02
   1.5108308e-01  -9.0962969e-02  -7.5846609e-02
   1.5188709e-01  -9.1322853e-02  -7.6026906e-02
   1.5269110e-01  -9.1675913e-02  -7.6204292e-02
   1.5344320e-01  -9.2000000e-02  -7.6367583e-02
   1.5344320e-01  -9.2000000e-02  -7.6367583e-02
   1.5505123e-01  -9.2672878e-02  -7.6708122e-02
   1.5665925e-01  -9.3318449e-02  -7.7036931e-02
   1.5843602e-01  -9.4000000e-02  -7.7386560e-02
   1.5843602e-01  -9.4000000e-02  -7.7386560e-02
   1.6165207e-01  -9.5148802e-02  -7.7982740e-02
   1.6425970e-01  -9.6000000e-02  -7.8431345e-02
   1.6425970e-01  -9.6000000e-02  -7.8431345e-02
   1.6747574e-01  -9.6950768e-02  -7.8941608e-02
   1.7069179e-01  -9.7792436e-02  -7.9404316e-02
   1.7155581e-01  -9.8000000e-02  -7.9520524e-02
   1.7155581e-01  -9.8000000e-02  -7.9520524e-02
   1.7798791e-01  -9.9297645e-02  -8.0278019e-02
   1.8295084e-01  -1.0000000e-01  -8.0733576e-02
   1.8295084e-01  -1.0000000e-01  -8.0733576e-02
   1.8938293e-01  -1.0052218e-01  -8.1159227e-02
   1.9382973e-01  -1.0062694e-01  -8.1346748e-02
   1.9382973e-01  -1.0062694e-01  -8.1346748e-02
   2.0026182e-01  -1.0040777e-01  -8.1467742e-02
   2.0470862e-01  -1.0000000e-01  -8.1450636e-02
   2.0470862e-01  -1.0000000e-01  -8.1450636e-02
   2.1114071e-01  -9.9051873e-02  -8.1288605e-02
   2.1642830e-01  -9.8000000e-02  -8.1043037e-02
   2.1642830e-01  -9.8000000e-02  -8.1043037e-02
   2.2286040e-01  -9.6464246e-02  -8.0618946e-02
   2.2464165e-01  -9.6000000e-02  -8.0478730e-02
   2.2464165e-01  -9.6000000e-02  -8.0478730e-02
   2.3004550e-01  -9.4515224e-02  -7.9996885e-02
   2.3004550e-01  -9.4515224e-02  -7.9996885e-02
   2.3084937e-01  -9.4286424e-02  -7.9918238e-02
   2.3084937e-01  -9.4286424e-02  -7.9918238e-02
   2.3165338e-01  -9.4055916e-02  -7.9837834e-02
   2.3245739e-01  -9.3823787e-02  -7.9755710e-02
   2.3406542e-01  -9.3354785e-02  -7.9586385e-02
   2.3684736e-01  -9.2529015e-02  -7.9277882e-02
   2.3684736e-01  -9.2529015e-02  -7.9277882e-02
   2.4006341e-01  -9.1552961e-02  -7.8897608e-02
   2.4327946e-01  -9.0555566e-02  -7.8493186e-02
   2.4971156e-01  -8.8503255e-02  -7.7616652e-02
   2.6257575e-01  -8.4210119e-02  -7.5623343e-02
   2.7469212e-01  -8.0000000e-02  -7.3499107e-02
   2.7469212e-01  -8.0000000e-02  -7.3499107e-02
   2.9644520e-01  -7.2232548e-02  -6.9223535e-02
   2.9644520e-01  -7.2232548e-02  -6.9223535e-02
   3.1819829e-01  -6.4449073e-02  -6.4506736e-02
   3.3088984e-01  -6.0000000e-02  -6.1590225e-02
   3.3088984e-01  -6.0000000e-02  -6.1590225e-02
   3.5264293e-01  -5.2672408e-02  -5.6377551e-02
   3.7367271e-01  -4.6080059e-02  -5.1181544e-02
   3.7367271e-01  -4.6080059e-02  -5.1181544e-02
   3.9501139e-01  -4.0000000e-02  -4.5876753e-02
   3.9501139e-01  -4.0000000e-02  -4.5876753e-02
   4.1635007e-01  -3.4596263e-02  -4.0651546e-02
   4.3768875e-01  -2.9885362e-02  -3.5589327e-02
   4.4094657e-01  -2.9226113e-02  -3.4834510e-02
   4.4094657e-01  -2.9226113e-02  -3.4834510e-02
   4.8362392e-01  -2.1936096e-02  -2.5462763e-02
   4.9785743e-01  -2.0000000e-02  -2.2565602e-02
   4.9785743e-01  -2.0000000e-02  -2.2565602e-02
   5.3015172e-01  -1.6333730e-02  -1.6432972e-02
   5.3015172e-01  -1.6333730e-02  -1.6432972e-02
   5.6244600e-01  -1.3458678e-02  -1.0910714e-02
   5.9474028e-01  -1.1162549e-02  -5.9844059e-03
   6.5932885e-01  -7.7788605e-03   2.1747624e-03
   7.1803253e-01  -5.6458722e-03   7.7977938e-03
   7.6563742e-01  -4.3626734e-03   1.1244207e-02
   8.0430634e-01  -3.5355350e-03   1.3383342e-02
   8.2070944e-01  -3.2316541e-03   1.4125533e-02
   8.2070944e-01  -3.2316541e-03   1.4125533e-02
   8.5881695e-01  -2.6352071e-03   1.5492309e-02
   8.9692447e-01  -2.1500065e-03   1.6377462e-02
   9.6791974e-01  -1.4671788e-03   1.6851422e-02
   1.0095132e+00  -1.1744751e-03   1.6508454e-02
   1.0511067e+00  -9.3990216e-04   1.5786608e-02
   1.0860106e+00  -7.8553329e-04   1.4937932e-02
   1.1183776e+00  -6.6491574e-04   1.3989692e-02
   1.1527475e+00  -5.5499498e-04   1.2847916e-02
   1.1720940e+00  -5.0612255e-04   1.2156948e-02
   1.1720940e+00  -5.0612255e-04   1.2156948e-02
   1.2107262e+00  -4.1594616e-04   1.0700669e-02
   1.2466901e+00  -3.4755700e-04   9.2839783e-03
   1.2775743e+00  -2.9317126e-04   8.0455618e-03
   1.3070211e+00  -2.4897647e-04   6.8643269e-03
   1.3410603e+00  -2.0820170e-04   5.5181595e-03
   1.3811583e+00  -1.7165365e-04   3.9854164e-03
   1.4116863e+00  -1.4475352e-04   2.8736486e-03
   1.4422144e+00  -1.2244802e-04   1.8212060e-03
   1.4804975e+00  -1.0151059e-04   5.9812197e-04
   1.5225549e+00  -8.9820441e-05  -6.0762251e-04
   1.5472564e+00  -7.1576885e-05  -1.2439979e-03
   1.5719579e+00  -6.1316765e-05  -1.8255014e-03
   1.6116471e+00  -5.0552765e-05  -2.6432772e-03
   1.6497560e+00  -4.2865732e-05  -3.2933027e-03
   1.6878650e+00  -3.8736947e-05  -3.8132853e-03
   1.6922556e+00  -3.3486949e-05  -3.8650255e-03
   1.6922556e+00  -3.3486949e-05  -3.8650255e-03
   1.7274482e+00  -2.8249735e-05  -4.2203437e-03
   1.7626409e+00  -2.4027601e-05  -4.4729254e-03
   1.8042124e+00  -2.4284929e-05  -4.6461049e-03
   1.8315746e+00  -1.7604406e-05  -4.6909577e-03
   1.8589369e+00  -1.4128693e-05  -4.6850108e-03
   1.8987224e+00  -1.2588006e-05  -4.5936395e-03
   1.9346600e+00  -1.1497948e-05  -4.4361872e-03
   1.9705976e+00  -1.1283433e-05  -4.2175682e-03
   2.0065891e+00  -1.2601445e-05  -3.9470758e-03
   2.0390447e+00  -1.1322858e-05  -3.6669704e-03
   2.0685400e+00  -7.6777699e-06  -3.3887189e-03
   2.0765700e+00  -4.6685663e-06  -3.3097539e-03
   2.0765700e+00  -4.6685663e-06  -3.3097539e-03
   2.0765700e+00  -4.6685663e-06  -3.3097539e-03
   2.0765700e+00  -4.6685663e-06  -3.3097539e-03
   2.0769769e+00  -4.6627892e-06  -3.3057197e-03
   2.0769769e+00  -4.6627892e-06  -3.3057197e-03
   2.0773839e+00  -4.6568612e-06  -3.3016825e-03
   2.0777908e+00  -4.6507891e-06  -3.2976422e-03
   2.0786047e+00  -4.6382375e-06  -3.2895528e-03
   2.0802324e+00  -4.6116680e-06  -3.2733381e-03
   2.0834880e+00  -4.5537921e-06  -3.2407689e-03
   2.0899990e+00  -4.4258783e-06  -3.1750930e-03
   2.1030211e+00  -4.1527120e-06  -3.0417690e-03
   2.1290653e+00  -3.6255268e-06  -2.7686278e-03
   2.1811537e+00  -2.7243199e-06  -2.2070646e-03
   2.2284608e+00  -2.1029229e-06  -1.6951605e-03
   2.2284608e+00  -2.1029229e-06  -1.6951605e-03
   2.2284608e+00  -2.1029229e-06  -1.6951605e-03
   2.2284608e+00  -2.1029229e-06  -1.6951605e-03
   2.2284608e+00  -2.1029229e-06  -1.6951605e-03
   2.2284608e+00  -2.1029229e-06  -1.6951605e-03
   2.2284608e+00  -2.1029229e-06  -1.6951605e-03
   2.2284608e+00  -2.1029229e-06  -1.6951605e-03
   2.2284608e+00  -2.1029229e-06  -1.6951605e-03
   2.2284608e+00  -2.1029229e-06  -1.6951605e-03
   2.2284608e+00  -2.1029229e-06  -1.6951605e-03
   2.2284608e+00  -2.1029229e-06  -1.6951605e-03
   2.2284608e+00  -2.1029229e-06  -1.6951605e-03
   2.2284608e+00  -2.1029229e-06  -1.6951605e-03
   2.2284608e+00  -2.1029229e-06  -1.6951605e-03
   2.2284608e+00  -2.1029229e-06  -1.6951604e-03
   2.2284608e+00  -2.1029229e-06  -1.6951604e-03
   2.2284608e+00  -2.1029228e-06  -1.6951604e-03
   2.2284608e+00  -2.1029228e-06  -1.6951603e-03
   2.2284608e+00  -2.1029227e-06  -1.6951602e-03
   2.2284609e+00  -2.1029226e-06  -1.6951599e-03
   2.2284609e+00  -2.1029223e-06  -1.6951594e-03
   2.2284610e+00  -2.1029216e-06  -1.6951584e-03
   2.2284612e+00  -2.1029204e-06  -1.6951563e-03
   2.2284616e+00  -2.1029179e-06  -1.6951521e-03
   2.2284624e+00  -2.1029130e-06  -1.6951437e-03
   2.2284639e+00  -2.1029032e-06  -1.6951269e-03
   2.2284671e+00  -2.1028834e-06  -1.6950934e-03
   2.2284733e+00  -2.1028439e-06  -1.6950263e-03
   2.2284858e+00  -2.1027649e-06  -1.6948922e-03
   2.2285108e+00  -2.1026067e-06  -1.6946239e-03
   2.2285609e+00  -2.1022894e-06  -1.6940873e-03
   2.2286610e+00  -2.1016516e-06  -1.6930141e-03
   2.2288611e+00  -2.1003636e-06  -1.6908681e-03
   2.2292614e+00  -2.0977385e-06  -1.6865767e-03
   2.2300620e+00  -2.0923022e-06  -1.6779970e-03
   2.2316632e+00  -2.0807582e-06  -1.6608502e-03
   2.2348657e+00  -2.0554900e-06  -1.6266084e-03
   2.2412706e+00  -1.9992895e-06  -1.5583471e-03
   2.2540803e+00  -1.8784553e-06  -1.4228297e-03
   2.2796998e+00  -1.6439244e-06  -1.1567022e-03
   2.3309388e+00  -1.2421283e-06  -6.5049415e-04
   2.3980430e+00  -9.3657444e-07  -5.7246664e-05
   2.3980430e+00  -9.3657444e-07  -5.7246664e-05
   2.3980430e+00  -9.3657444e-07  -5.7246664e-05
   2.4482977e+00  -7.2622278e-07   3.2416166e-04
   2.4482977e+00  -7.2622278e-07   3.2416166e-04
   2.4482977e+00  -7.2622278e-07   3.2416166e-04
   2.4482977e+00  -7.2622278e-07   3.2416166e-04
   2.4482977e+00  -7.2622278e-07   3.2416166e-04
   2.4482977e+00  -7.2622278e-07   3.2416166e-04
   2.4482977e+00  -7.2622278e-07   3.2416166e-04
   2.4482977e+00  -7.2622278e-07   3.2416166e-04
   2.4482977e+00  -7.2622278e-07   3.2416166e-04
   2.4482977e+00  -7.2622278e-07   3.2416166e-04
   2.4482977e+00  -7.2622278e-07   3.2416166e-04
   2.4482977e+00  -7.2622278e-07   3.2416167e-04
   2.4482977e+00  -7.2622278e-07   3.2416167e-04
   2.4482977e+00  -7.2622278e-07   3.2416169e-04
   2.4482977e+00  -7.2622277e-07   3.2416171e-04
   2.4482977e+00  -7.2622275e-07   3.2416177e-04
   2.4482977e+00  -7.2622272e-07   3.2416188e-04
   2.4482977e+00  -7.2622265e-07   3.2416210e-04
   2.4482978e+00  -7.2622251e-07   3.2416254e-04
   2.4482979e+00  -7.2622224e-07   3.2416341e-04
   2.4482982e+00  -7.2622169e-07   3.2416517e-04
   2.4482987e+00  -7.2622060e-07   3.2416868e-04
   2.4482997e+00  -7.2621842e-07   3.2417571e-04
   2.4483017e+00  -7.2621405e-07   3.2418975e-04
   2.4483057e+00  -7.2620531e-07   3.2421785e-04
   2.4483137e+00  -7.2618782e-07   3.2427404e-04
   2.4483297e+00  -7.2615282e-07   3.2438642e-04
   2.4483618e+00  -7.2608270e-07   3.2461115e-04
   2.4484260e+00  -7.2594202e-07   3.2506055e-04
   2.4485543e+00  -7.2565884e-07   3.2595905e-04
   2.4488109e+00  -7.2508542e-07   3.2775487e-04
   2.4493242e+00  -7.2391116e-07   3.3134182e-04
   2.4503507e+00  -7.2146000e-07   3.3849693e-04
   2.4524037e+00  -7.1619811e-07   3.5273185e-04
   2.4565097e+00  -7.0457603e-07   3.8089966e-04
   2.4647218e+00  -6.7884336e-07   4.3602090e-04
   2.4811460e+00  -6.2512643e-07   5.4136161e-04
   2.5139944e+00  -5.2575727e-07   7.3217505e-04
   2.5610035e+00  -4.0085792e-07   9.5873242e-04
   2.5610035e+00  -4.0085792e-07   9.5873242e-04
   2.5610035e+00  -4.0085792e-07   9.5873242e-04
   2.5610035e+00  -4.0085792e-07   9.5873242e-04
   2.5610035e+00  -4.0085792e-07   9.5873242e-04
   2.5610035e+00  -4.0085792e-07   9.5873242e-04
   2.5610035e+00  -4.0085792e-07   9.5873242e-04
   2.5610035e+00  -4.0085792e-07   9.5873242e-04
   2.5610035e+00  -4.0085792e-07   9.5873242e-04
   2.5610035e+00  -4.0085792e-07   9.5873242e-04
   2.5610035e+00  -4.0085792e-07   9.5873242e-04
   2.5610035e+00  -4.0085792e-07   9.5873242e-04
   2.5610035e+00  -4.0085792e-07   9.5873242e-04
   2.5610035e+00  -4.0085792e-07   9.5873242e-04
   2.5610035e+00  -4.0085792e-07   9.5873242e-04
   2.5610035e+00  -4.0085792e-07   9.5873242e-04
   2.5610035e+00  -4.0085792e-07   9.5873242e-04
   2.5610035e+00  -4.0085792e-07   9.5873243e-04
   2.5610035e+00  -4.0085792e-07   9.5873243e-04
   2.5610035e+00  -4.0085792e-07   9.5873243e-04
   2.5610035e+00  -4.0085792e-07   9.5873245e-04
   2.5610036e+00  -4.0085791e-07   9.5873247e-04
   2.5610036e+00  -4.0085790e-07   9.5873251e-04
   2.5610036e+00  -4.0085787e-07   9.5873260e-04
   2.5610036e+00  -4.0085782e-07   9.5873279e-04
   2.5610037e+00  -4.0085772e-07   9.5873315e-04
   2.5610039e+00  -4.0085751e-07   9.5873388e-04
   2.5610042e+00  -4.0085709e-07   9.5873534e-04
   2.5610049e+00  -4.0085627e-07   9.5873826e-04
   2.5610063e+00  -4.0085461e-07   9.5874410e-04
   2.5610091e+00  -4.0085129e-07   9.5875579e-04
   2.5610146e+00  -4.0084466e-07   9.5877915e-04
   2.5610256e+00  -4.0083138e-07   9.5882587e-04
   2.5610476e+00  -4.0080480e-07   9.5891931e-04
   2.5610918e+00  -4.0075152e-07   9.5910616e-04
   2.5611800e+00  -4.0064449e-07   9.5947970e-04
   2.5613564e+00  -4.0042856e-07   9.6022621e-04
   2.5617093e+00  -3.9998940e-07   9.6171692e-04
   2.5624150e+00  -3.9908317e-07   9.6468916e-04
   2.5638264e+00  -3.9716878e-07   9.7059687e-04
   2.5666493e+00  -3.9300060e-07   9.8226534e-04
   2.5722950e+00  -3.8373287e-07   1.0050155e-03
   2.5835865e+00  -3.6357901e-07   1.0481778e-03
   2.5991925e+00  -3.3568045e-07   1.1027393e-03
   2.5991925e+00  -3.3568045e-07   1.1027393e-03
   2.6217755e+00  -2.9815106e-07   1.1713736e-03
   2.6443585e+00  -2.6470960e-07   1.2280413e-03
   2.6895245e+00  -2.0858100e-07   1.3068376e-03
   2.7515102e+00  -1.4680967e-07   1.3454212e-03
   2.7515102e+00  -1.4680967e-07   1.3454212e-03
   2.7515102e+00  -1.4680967e-07   1.3454212e-03
   2.7515102e+00  -1.4680967e-07   1.3454212e-03
   2.7515102e+00  -1.4680967e-07   1.3454212e-03
   2.7515102e+00  -1.4680967e-07   1.3454212e-03
   2.7515102e+00  -1.4680967e-07   1.3454212e-03
   2.7515102e+00  -1.4680967e-07   1.3454212e-03
   2.7515102e+00  -1.4680967e-07   1.3454212e-03
   2.7515102e+00  -1.4680967e-07   1.3454212e-03
   2.7515102e+00  -1.4680967e-07   1.3454212e-03
   2.7515102e+00  -1.4680967e-07   1.3454212e-03
   2.7515102e+00  -1.4680967e-07   1.3454212e-03
   2.7515102e+00  -1.4680967e-07   1.3454212e-03
   2.7515102e+00  -1.4680967e-07   1.3454212e-03
   2.7515102e+00  -1.4680967e-07   1.3454212e-03
   2.7515102e+00  -1.4680967e-07   1.3454212e-03
   2.7515102e+00  -1.4680967e-07   1.3454212e-03
   2.7515102e+00  -1.4680966e-07   1.3454212e-03
   2.7515102e+00  -1.4680965e-07   1.3454212e-03
   2.7515103e+00  -1.4680962e-07   1.3454212e-03
   2.7515104e+00  -1.4680956e-07   1.3454212e-03
   2.7515107e+00  -1.4680944e-07   1.3454212e-03
   2.7515112e+00  -1.4680921e-07   1.3454212e-03
   2.7515123e+00  -1.4680874e-07   1.3454212e-03
   2.7515144e+00  -1.4680781e-07   1.3454213e-03
   2.7515186e+00  -1.4680595e-07   1.3454214e-03
   2.7515270e+00  -1.4680223e-07   1.3454216e-03
   2.7515439e+00  -1.4679478e-07   1.3454219e-03
   2.7515777e+00  -1.4677984e-07   1.3454226e-03
   2.7516453e+00  -1.4674988e-07   1.3454240e-03
   2.7517805e+00  -1.4668954e-07   1.3454264e-03
   2.7520508e+00  -1.4656728e-07   1.3454302e-03
   2.7525914e+00  -1.4631664e-07   1.3454339e-03
   2.7536726e+00  -1.4579249e-07   1.3454251e-03
   2.7558351e+00  -1.4466469e-07   1.3453435e-03
   2.7601600e+00  -1.4216983e-07   1.3449257e-03
   2.7688098e+00  -1.3665662e-07   1.3430862e-03
   2.7861095e+00  -1.2523156e-07   1.3355088e-03
   2.8207088e+00  -1.0431546e-07   1.3057237e-03
   2.8689425e+00  -7.9041012e-08   1.2353152e-03
   2.8689425e+00  -7.9041012e-08   1.2353152e-03
   2.8689425e+00  -7.9041012e-08   1.2353152e-03
   2.8689425e+00  -7.9041012e-08   1.2353152e-03
   2.8689425e+00  -7.9041012e-08   1.2353152e-03
   2.8689425e+00  -7.9041012e-08   1.2353152e-03
   2.8689425e+00  -7.9041012e-08   1.2353152e-03
   2.8689425e+00  -7.9041012e-08   1.2353152e-03
   2.8689425e+00  -7.9041012e-08   1.2353152e-03
   2.8689425e+00  -7.9041012e-08   1.2353152e-03
   2.8689425e+00  -7.9041012e-08   1.2353152e-03
   2.8689425e+00  -7.9041012e-08   1.2353152e-03
   2.8689425e+00  -7.9041012e-08   1.2353152e-03
   2.8689425e+00  -7.9041012e-08   1.2353152e-03
   2.8689425e+00  -7.9041012e-08   1.2353152e-03
   2.8689425e+00  -7.9041012e-08   1.2353152e-03
   2.8689425e+00  -7.9041012e-08   1.2353152e-03
   2.8689425e+00  -7.9041012e-08   1.2353152e-03
   2.8689425e+00  -7.9041012e-08   1.2353152e-03
   2.8689425e+00  -7.9041011e-08   1.2353152e-03
   2.8689425e+00  -7.9041011e-08   1.2353152e-03
   2.8689425e+00  -7.9041009e-08   1.2353152e-03
   2.8689425e+00  -7.9041007e-08   1.2353152e-03
   2.8689426e+00  -7.9041001e-08   1.2353151e-03
   2.8689426e+00  -7.9040991e-08   1.2353151e-03
   2.8689427e+00  -7.9040970e-08   1.2353149e-03
   2.8689429e+00  -7.9040927e-08   1.2353146e-03
   2.8689432e+00  -7.9040842e-08   1.2353140e-03
   2.8689439e+00  -7.9040673e-08   1.2353127e-03
   2.8689454e+00  -7.9040334e-08   1.2353102e-03
   2.8689482e+00  -7.9039655e-08   1.2353051e-03
   2.8689540e+00  -7.9038297e-08   1.2352950e-03
   2.8689654e+00  -7.9035581e-08   1.2352747e-03
   2.8689883e+00  -7.9030141e-08   1.2352341e-03
   2.8690341e+00  -7.9019235e-08   1.2351530e-03
   2.8691256e+00  -7.8997325e-08   1.2349907e-03
   2.8693087e+00  -7.8953108e-08   1.2346659e-03
   2.8696749e+00  -7.8863127e-08   1.2340149e-03
   2.8704074e+00  -7.8677257e-08   1.2327081e-03
   2.8718722e+00  -7.8284018e-08   1.2300754e-03
   2.8748019e+00  -7.7426456e-08   1.2247341e-03
   2.8806613e+00  -7.5519224e-08   1.2137527e-03
   2.8923800e+00  -7.1384510e-08   1.1906347e-03
   2.9158175e+00  -6.3228337e-08   1.1400989e-03
   2.9626925e+00  -4.9130549e-08   1.0243727e-03
   2.9928704e+00  -2.2542372e-07   9.4168626e-04
   2.9928704e+00  -2.2542372e-07   9.4168626e-04
   3.0386690e+00  -1.2177772e-06   8.0776116e-04
   3.0844676e+00  -8.7416921e-06   6.6791577e-04
   3.1079930e+00  -1.3758184e-06   5.9524076e-04
   3.1315184e+00  -2.8851372e-08   5.2273316e-04
   3.1735343e+00  -9.8122706e-07   3.9525479e-04
   3.2102445e+00  -1.8588704e-06   2.8773248e-04
   3.2469548e+00  -3.4717264e-06   1.8541100e-04
   3.2840142e+00  -7.4043138e-06   8.8697398e-05
   3.3163386e+00  -7.2821681e-06   1.0584238e-05
   3.3444745e+00  -2.9592058e-06  -5.2201883e-05
   3.3744025e+00  -1.6126493e-06  -1.1332835e-04
   3.4112748e+00  -2.4838090e-06  -1.8025839e-04
   3.4524031e+00  -8.6892750e-06  -2.4368756e-04
   3.4782784e+00  -2.2584582e-06  -2.7746873e-04
   3.5041537e+00  -6.1808235e-07  -3.0654504e-04
   3.5086915e+00  -9.2658932e-08  -3.1116364e-04
   3.5086915e+00  -9.2658932e-08  -3.1116364e-04
   3.5086915e+00  -9.2658932e-08  -3.1116364e-04
   3.5086915e+00  -9.2658932e-08  -3.1116364e-04
   3.5086915e+00  -9.2658932e-08  -3.1116364e-04
   3.5086915e+00  -9.2658932e-08  -3.1116364e-04
   3.5086915e+00  -9.2658932e-08  -3.1116364e-04
   3.5086915e+00  -9.2658932e-08  -3.1116364e-04
   3.5086915e+00  -9.2658932e-08  -3.1116364e-04
   3.5086915e+00  -9.2658931e-08  -3.1116364e-04
   3.5086915e+00  -9.2658931e-08  -3.1116364e-04
   3.5086915e+00  -9.2658931e-08  -3.1116364e-04
   3.5086915e+00  -9.2658930e-08  -3.1116364e-04
   3.5086915e+00  -9.2658929e-08  -3.1116365e-04
   3.5086915e+00  -9.2658926e-08  -3.1116366e-04
   3.5086915e+00  -9.2658921e-08  -3.1116368e-04
   3.5086916e+00  -9.2658910e-08  -3.1116372e-04
   3.5086916e+00  -9.2658887e-08  -3.1116380e-04
   3.5086918e+00  -9.2658843e-08  -3.1116396e-04
   3.5086921e+00  -9.2658755e-08  -3.1116428e-04
   3.5086927e+00  -9.2658578e-08  -3.1116491e-04
   3.5086940e+00  -9.2658224e-08  -3.1116619e-04
   3.5086966e+00  -9.2657517e-08  -3.1116874e-04
   3.5087017e+00  -9.2656102e-08  -3.1117384e-04
   3.5087118e+00  -9.2653270e-08  -3.1118403e-04
   3.5087322e+00  -9.2647601e-08  -3.1120443e-04
   3.5087729e+00  -9.2636239e-08  -3.1124520e-04
   3.5088543e+00  -9.2613422e-08  -3.1132672e-04
   3.5090171e+00  -9.2567420e-08  -3.1148961e-04
   3.5093428e+00  -9.2473974e-08  -3.1181485e-04
   3.5099940e+00  -9.2281551e-08  -3.1246312e-04
   3.5112966e+00  -9.1876352e-08  -3.1375089e-04
   3.5139018e+00  -9.0997205e-08  -3.1629135e-04
   3.5156781e+00  -9.0355560e-08  -3.1799686e-04
   3.5156781e+00  -9.0355560e-08  -3.1799686e-04
   3.5208884e+00  -8.8339109e-08  -3.2287430e-04
   3.5260987e+00  -8.6206298e-08  -3.2756606e-04
   3.5365193e+00  -8.1846066e-08  -3.3639612e-04
   3.5573604e+00  -7.3441790e-08  -3.5187037e-04
   3.5990426e+00  -5.8879886e-08  -3.7434199e-04
   3.6548972e+00  -4.2864604e-08  -3.8784854e-04
   3.6548972e+00  -4.2864604e-08  -3.8784854e-04
   3.6548972e+00  -4.2864604e-08  -3.8784854e-04
   3.6548972e+00  -4.2864604e-08  -3.8784854e-04
   3.6548972e+00  -4.2864604e-08  -3.8784854e-04
   3.6548972e+00  -4.2864604e-08  -3.8784854e-04
   3.6548972e+00  -4.2864604e-08  -3.8784854e-04
   3.6548972e+00  -4.2864604e-08  -3.8784854e-04
   3.6548972e+00  -4.2864604e-08  -3.8784854e-04
   3.6548972e+00  -4.2864604e-08  -3.8784854e-04
   3.6548972e+00  -4.2864604e-08  -3.8784854e-04
   3.6548972e+00  -4.2864604e-08  -3.8784854e-04
   3.6548972e+00  -4.2864604e-08  -3.8784854e-04
   3.6548972e+00  -4.2864604e-08  -3.8784854e-04
   3.6548972e+00  -4.2864603e-08  -3.8784854e-04
   3.6548972e+00  -4.2864602e-08  -3.8784854e-04
   3.6548973e+00  -4.2864600e-08  -3.8784854e-04
   3.6548973e+00  -4.2864597e-08  -3.8784855e-04
   3.6548973e+00  -4.2864589e-08  -3.8784855e-04
   3.6548975e+00  -4.2864574e-08  -3.8784856e-04
   3.6548977e+00  -4.2864544e-08  -3.8784858e-04
   3.6548982e+00  -4.2864484e-08  -3.8784862e-04
   3.6548991e+00  -4.2864363e-08  -3.8784870e-04
   3.6549010e+00  -4.2864122e-08  -3.8784885e-04
   3.6549047e+00  -4.2863639e-08  -3.8784916e-04
   3.6549122e+00  -4.2862674e-08  -3.8784978e-04
   3.6549272e+00  -4.2860742e-08  -3.8785101e-04
   3.6549572e+00  -4.2856871e-08  -3.8785348e-04
   3.6550173e+00  -4.2849107e-08  -3.8785840e-04
   3.6551373e+00  -4.2833486e-08  -3.8786817e-04
   3.6553773e+00  -4.2801878e-08  -3.8788749e-04
   3.6558574e+00  -4.2737239e-08  -3.8792517e-04
   3.6568176e+00  -4.2602616e-08  -3.8799677e-04
   3.6587379e+00  -4.2314478e-08  -3.8812495e-04
   3.6625786e+00  -4.1679446e-08  -3.8832154e-04
   3.6702600e+00  -4.0270648e-08  -3.8847840e-04
   3.6856227e+00  -3.7303697e-08  -3.8786930e-04
   3.7163482e+00  -3.1742119e-08  -3.8314504e-04
   3.7627405e+00  -2.4274750e-08  -3.6799312e-04
   3.7627405e+00  -2.4274750e-08  -3.6799312e-04
   3.7627405e+00  -2.4274750e-08  -3.6799312e-04
   3.8048324e+00  -1.9444069e-08  -3.4706669e-04
   3.8048324e+00  -1.9444069e-08  -3.4706669e-04
   3.8048324e+00  -1.9444069e-08  -3.4706669e-04
   3.8048324e+00  -1.9444069e-08  -3.4706669e-04
   3.8048324e+00  -1.9444069e-08  -3.4706669e-04
   3.8048324e+00  -1.9444069e-08  -3.4706669e-04
   3.8048324e+00  -1.9444069e-08  -3.4706669e-04
   3.8048324e+00  -1.9444069e-08  -3.4706669e-04
   3.8048324e+00  -1.9444069e-08  -3.4706669e-04
   3.8048324e+00  -1.9444069e-08  -3.4706669e-04
   3.8048324e+00  -1.9444069e-08  -3.4706669e-04
   3.8048324e+00  -1.9444069e-08  -3.4706669e-04
   3.8048324e+00  -1.9444069e-08  -3.4706669e-04
   3.8048324e+00  -1.9444069e-08  -3.4706668e-04
   3.8048324e+00  -1.9444068e-08  -3.4706668e-04
   3.8048324e+00  -1.9444067e-08  -3.4706667e-04
   3.8048324e+00  -1.9444066e-08  -3.4706665e-04
   3.8048325e+00  -1.9444062e-08  -3.4706662e-04
   3.8048326e+00  -1.9444055e-08  -3.4706655e-04
   3.8048328e+00  -1.9444041e-08  -3.4706642e-04
   3.8048333e+00  -1.9444014e-08  -3.4706615e-04
   3.8048343e+00  -1.9443959e-08  -3.4706561e-04
   3.8048361e+00  -1.9443849e-08  -3.4706454e-04
   3.8048399e+00  -1.9443628e-08  -3.4706239e-04
   3.8048475e+00  -1.9443187e-08  -3.4705810e-04
   3.8048626e+00  -1.9442304e-08  -3.4704951e-04
   3.8048928e+00  -1.9440535e-08  -3.4703233e-04
   3.8049533e+00  -1.9436987e-08  -3.4699795e-04
   3.8050742e+00  -1.9429848e-08  -3.4692917e-04
   3.8053160e+00  -1.9415402e-08  -3.4679147e-04
   3.8057996e+00  -1.9385855e-08  -3.4651552e-04
   3.8067669e+00  -1.9324302e-08  -3.4596142e-04
   3.8087014e+00  -1.9192515e-08  -3.4484448e-04
   3.8125705e+00  -1.8901996e-08  -3.4257601e-04
   3.8203086e+00  -1.8257609e-08  -3.3790407e-04
   3.8357848e+00  -1.6901798e-08  -3.2804633e-04
   3.8667373e+00  -1.4363996e-08  -3.0648403e-04
   3.9118978e+00  -1.1137855e-08  -2.7143668e-04
   3.9118978e+00  -1.1137855e-08  -2.7143668e-04
   3.9543354e+00  -8.8399923e-09  -2.3574701e-04
   3.9543354e+00  -8.8399923e-09  -2.3574701e-04
   3.9543354e+00  -8.8399923e-09  -2.3574701e-04
   3.9543354e+00  -8.8399923e-09  -2.3574701e-04
   3.9543354e+00  -8.8399923e-09  -2.3574701e-04
   3.9543354e+00  -8.8399923e-09  -2.3574701e-04
   3.9543354e+00  -8.8399923e-09  -2.3574701e-04
   3.9543354e+00  -8.8399923e-09  -2.3574701e-04
   3.9543354e+00  -8.8399923e-09  -2.3574701e-04
   3.9543354e+00  -8.8399923e-09  -2.3574701e-04
   3.9543354e+00  -8.8399923e-09  -2.3574701e-04
   3.9543354e+00  -8.8399923e-09  -2.3574701e-04
   3.9543354e+00  -8.8399923e-09  -2.3574701e-04
   3.9543354e+00  -8.8399923e-09  -2.3574701e-04
   3.9543354e+00  -8.8399922e-09  -2.3574701e-04
   3.9543354e+00  -8.8399922e-09  -2.3574701e-04
   3.9543354e+00  -8.8399921e-09  -2.3574701e-04
   3.9543354e+00  -8.8399919e-09  -2.3574700e-04
   3.9543355e+00  -8.8399916e-09  -2.3574699e-04
   3.9543355e+00  -8.8399909e-09  -2.3574697e-04
   3.9543355e+00  -8.8399896e-09  -2.3574693e-04
   3.9543356e+00  -8.8399870e-09  -2.3574684e-04
   3.9543358e+00  -8.8399817e-09  -2.3574667e-04
   3.9543362e+00  -8.8399710e-09  -2.3574632e-04
   3.9543370e+00  -8.8399498e-09  -2.3574563e-04
   3.9543386e+00  -8.8399073e-09  -2.3574425e-04
   3.9543418e+00  -8.8398223e-09  -2.3574148e-04
   3.9543483e+00  -8.8396522e-09  -2.3573595e-04
   3.9543611e+00  -8.8393118e-09  -2.3572488e-04
   3.9543867e+00  -8.8386301e-09  -2.3570275e-04
   3.9544380e+00  -8.8372632e-09  -2.3565847e-04
   3.9545405e+00  -8.8345154e-09  -2.3556993e-04
   3.9547456e+00  -8.8289643e-09  -2.3539281e-04
   3.9551558e+00  -8.8176463e-09  -2.3503846e-04
   3.9559762e+00  -8.7941906e-09  -2.3432933e-04
   3.9576170e+00  -8.7443302e-09  -2.3290942e-04
   3.9608986e+00  -8.6350852e-09  -2.3006315e-04
   3.9674618e+00  -8.3921367e-09  -2.2434652e-04
   3.9805882e+00  -7.8710857e-09  -2.1283038e-04
   4.0068409e+00  -6.8643706e-09  -1.8957168e-04
   4.0593464e+00  -5.1402698e-09  -1.4294186e-04
   4.1279358e+00  -3.5420166e-09  -8.4087688e-05
   4.1279358e+00  -3.5420166e-09  -8.4087688e-05
   4.1279358e+00  -3.5420166e-09  -8.4087688e-05
   4.1279358e+00  -3.5420166e-09  -8.4087688e-05
   4.1279358e+00  -3.5420166e-09  -8.4087688e-05
   4.1279358e+00  -3.5420166e-09  -8.4087687e-05
   4.1279358e+00  -3.5420166e-09  -8.4087687e-05
   4.1279358e+00  -3.5420166e-09  -8.4087687e-05
   4.1279358e+00  -3.5420166e-09  -8.4087686e-05
   4.1279358e+00  -3.5420166e-09  -8.4087685e-05
   4.1279358e+00  -3.5420165e-09  -8.4087682e-05
   4.1279358e+00  -3.5420164e-09  -8.4087676e-05
   4.1279359e+00  -3.5420163e-09  -8.4087665e-05
   4.1279359e+00  -3.5420160e-09  -8.4087642e-05
   4.1279359e+00  -3.5420154e-09  -8.4087596e-05
   4.1279361e+00  -3.5420143e-09  -8.4087505e-05
   4.1279363e+00  -3.5420119e-09  -8.4087323e-05
   4.1279367e+00  -3.5420072e-09  -8.4086958e-05
   4.1279376e+00  -3.5419979e-09  -8.4086229e-05
   4.1279394e+00  -3.5419791e-09  -8.4084771e-05
   4.1279429e+00  -3.5419416e-09  -8.4081854e-05
   4.1279499e+00  -3.5418667e-09  -8.4076021e-05
   4.1279640e+00  -3.5417166e-09  -8.4064354e-05
   4.1279922e+00  -3.5414160e-09  -8.4041021e-05
   4.1280487e+00  -3.5408132e-09  -8.3994357e-05
   4.1281615e+00  -3.5396007e-09  -8.3901041e-05
   4.1283871e+00  -3.5371488e-09  -8.3714450e-05
   4.1288384e+00  -3.5321410e-09  -8.3341436e-05
   4.1297410e+00  -3.5217321e-09  -8.2596086e-05
   4.1315461e+00  -3.4995141e-09  -8.1108112e-05
   4.1351564e+00  -3.4506552e-09  -7.8143238e-05
   4.1423770e+00  -3.3421212e-09  -7.2259093e-05
   4.1568181e+00  -3.1118025e-09  -6.0683357e-05
   4.1857004e+00  -2.6748256e-09  -3.8377939e-05
   4.2332009e+00  -2.0333419e-09  -4.4924213e-06
   4.2332009e+00  -2.0333419e-09  -4.4924213e-06
   4.2332009e+00  -2.0333419e-09  -4.4924212e-06
   4.2332009e+00  -2.0333419e-09  -4.4924212e-06
   4.2332009e+00  -2.0333419e-09  -4.4924212e-06
   4.2332009e+00  -2.0333419e-09  -4.4924211e-06
   4.2332009e+00  -2.0333419e-09  -4.4924209e-06
   4.2332009e+00  -2.0333419e-09  -4.4924205e-06
   4.2332009e+00  -2.0333419e-09  -4.4924198e-06
   4.2332009e+00  -2.0333419e-09  -4.4924184e-06
   4.2332009e+00  -2.0333419e-09  -4.4924155e-06
   4.2332010e+00  -2.0333418e-09  -4.4924097e-06
   4.2332010e+00  -2.0333417e-09  -4.4923982e-06
   4.2332010e+00  -2.0333415e-09  -4.4923751e-06
   4.2332011e+00  -2.0333411e-09  -4.4923289e-06
   4.2332012e+00  -2.0333403e-09  -4.4922366e-06
   4.2332015e+00  -2.0333386e-09  -4.4920520e-06
   4.2332020e+00  -2.0333352e-09  -4.4916828e-06
   4.2332031e+00  -2.0333286e-09  -4.4909444e-06
   4.2332053e+00  -2.0333152e-09  -4.4894677e-06
   4.2332097e+00  -2.0332884e-09  -4.4865141e-06
   4.2332185e+00  -2.0332349e-09  -4.4806071e-06
   4.2332360e+00  -2.0331276e-09  -4.4687935e-06
   4.2332711e+00  -2.0329129e-09  -4.4451679e-06
   4.2333413e+00  -2.0324817e-09  -4.3979233e-06
   4.2334816e+00  -2.0316135e-09  -4.3034599e-06
   4.2337623e+00  -2.0298534e-09  -4.1146372e-06
   4.2343237e+00  -2.0262419e-09  -3.7374076e-06
   4.2354465e+00  -2.0186793e-09  -2.9846150e-06
   4.2376921e+00  -2.0023793e-09  -1.4857171e-06
   4.2421832e+00  -1.9662847e-09   1.4851635e-06
   4.2511655e+00  -1.8866524e-09   7.3179833e-06
   4.2691301e+00  -1.7225402e-09   1.8538362e-05
   4.3050593e+00  -1.4243681e-09   3.9133820e-05
   4.3544733e+00  -1.0727897e-09   6.3277624e-05
   4.3544733e+00  -1.0727897e-09   6.3277624e-05
   4.3544733e+00  -1.0727897e-09   6.3277624e-05
   4.3544733e+00  -1.0727897e-09   6.3277624e-05
   4.3544733e+00  -1.0727897e-09   6.3277625e-05
   4.3544733e+00  -1.0727897e-09   6.3277625e-05
   4.3544733e+00  -1.0727897e-09   6.3277625e-05
   4.3544733e+00  -1.0727897e-09   6.3277625e-05
   4.3544733e+00  -1.0727896e-09   6.3277626e-05
   4.3544733e+00  -1.0727896e-09   6.3277628e-05
   4.3544733e+00  -1.0727896e-09   6.3277632e-05
   4.3544733e+00  -1.0727896e-09   6.3277639e-05
   4.3544734e+00  -1.0727894e-09   6.3277653e-05
   4.3544734e+00  -1.0727892e-09   6.3277682e-05
   4.3544736e+00  -1.0727888e-09   6.3277739e-05
   4.3544738e+00  -1.0727880e-09   6.3277853e-05
   4.3544743e+00  -1.0727863e-09   6.3278081e-05
   4.3544754e+00  -1.0727830e-09   6.3278538e-05
   4.3544775e+00  -1.0727762e-09   6.3279452e-05
   4.3544816e+00  -1.0727628e-09   6.3281279e-05
   4.3544900e+00  -1.0727360e-09   6.3284933e-05
   4.3545066e+00  -1.0726823e-09   6.3292241e-05
   4.3545399e+00  -1.0725747e-09   6.3306854e-05
   4.3546066e+00  -1.0723587e-09   6.3336075e-05
   4.3547399e+00  -1.0719239e-09   6.3394490e-05
   4.3550065e+00  -1.0710430e-09   6.3511210e-05
   4.3555397e+00  -1.0692377e-09   6.3744218e-05
   4.3566062e+00  -1.0654643e-09   6.4208495e-05
   4.3587391e+00  -1.0573500e-09   6.5130098e-05
   4.3630048e+00  -1.0394073e-09   6.6945495e-05
   4.3715363e+00  -9.9973489e-10   7.0464995e-05
   4.3885993e+00  -9.1735940e-10   7.7058906e-05
   4.4227254e+00  -7.6613531e-10   8.8474407e-05
   4.4348757e+00  -7.6222865e-10   9.1973766e-05
   4.4348757e+00  -7.6222865e-10   9.1973766e-05
   4.5031278e+00  -3.9528002e-09   1.0629176e-04
   4.5713798e+00  -2.7977109e-07   1.1213922e-04
   4.6019655e+00  -1.4778457e-07   1.1228955e-04
   4.6325511e+00  -7.7970692e-08   1.1107018e-04
   4.6987943e+00  -5.2907778e-06   1.0432726e-04
   4.7197987e+00  -8.1201934e-07   1.0118103e-04
   4.7408031e+00  -5.7167374e-08   9.7623328e-05
   4.7891078e+00  -1.3770167e-06   8.8114872e-05
   4.8215670e+00  -1.0732533e-06   8.0890838e-05
   4.8283248e+00  -7.6875016e-18   7.9319846e-05
   4.8283248e+00   1.6340960e-18   7.9319846e-05
   4.8318277e+00   2.1040945e-08   7.8497573e-05
   4.8318277e+00   2.1040945e-08   7.8497573e-05
   4.8353305e+00   2.6643278e-08   7.7670109e-05
   4.8388334e+00   3.0562507e-08   7.6837637e-05
   4.8458391e+00   3.5221861e-08   7.5158409e-05
   4.8543159e+00   3.7834048e-08   7.3102878e-05
   4.8543159e+00   3.7834048e-08   7.3102878e-05
   4.8581160e+00   3.8412822e-08   7.2173591e-05
   4.8581160e+00   3.8412822e-08   7.2173591e-05
   4.8619162e+00   3.8708839e-08   7.1239800e-05
   4.8639642e+00   3.8750277e-08   7.0734763e-05
   4.8639642e+00   3.8750277e-08   7.0734763e-05
   4.8677643e+00   3.8624435e-08   6.9794482e-05
   4.8715644e+00   3.8303359e-08   6.8850270e-05
   4.8728213e+00   3.8165978e-08   6.8537145e-05
   4.8728213e+00   3.8165978e-08   6.8537145e-05
   4.8804215e+00   3.7123188e-08   6.6635533e-05
   4.8880218e+00   3.5883812e-08   6.4721138e-05
   4.9032222e+00   3.3270107e-08   6.0860907e-05
   4.9336232e+00   2.8360426e-08   5.3061521e-05
   4.9800551e+00   2.1683420e-08   4.1142770e-05
   4.9800551e+00   2.1683420e-08   4.1142770e-05
   4.9800551e+00   2.1683420e-08   4.1142770e-05
   4.9800551e+00   2.1683420e-08   4.1142770e-05
   4.9800551e+00   2.1683420e-08   4.1142770e-05
   4.9800551e+00   2.1683420e-08   4.1142770e-05
   4.9800551e+00   2.1683420e-08   4.1142770e-05
   4.9800551e+00   2.1683420e-08   4.1142770e-05
   4.9800551e+00   2.1683420e-08   4.1142770e-05
   4.9800551e+00   2.1683420e-08   4.1142770e-05
   4.9800551e+00   2.1683420e-08   4.1142770e-05
   4.9800551e+00   2.1683420e-08   4.1142770e-05
   4.9800551e+00   2.1683420e-08   4.1142770e-05
   4.9800551e+00   2.1683420e-08   4.1142770e-05
   4.9800551e+00   2.1683420e-08   4.1142770e-05
   4.9800551e+00   2.1683420e-08   4.1142770e-05
   4.9800551e+00   2.1683420e-08   4.1142770e-05
   4.9800551e+00   2.1683420e-08   4.1142770e-05
   4.9800551e+00   2.1683420e-08   4.1142770e-05
   4.9800551e+00   2.1683420e-08   4.1142770e-05
   4.9800551e+00   2.1683420e-08   4.1142769e-05
   4.9800551e+00   2.1683420e-08   4.1142768e-05
   4.9800551e+00   2.1683419e-08   4.1142767e-05
   4.9800552e+00   2.1683418e-08   4.1142763e-05
   4.9800552e+00   2.1683416e-08   4.1142755e-05
   4.9800553e+00   2.1683412e-08   4.1142740e-05
   4.9800554e+00   2.1683404e-08   4.1142710e-05
   4.9800556e+00   2.1683389e-08   4.1142649e-05
   4.9800561e+00   2.1683358e-08   4.1142527e-05
   4.9800570e+00   2.1683296e-08   4.1142284e-05
   4.9800589e+00   2.1683172e-08   4.1141798e-05
   4.9800628e+00   2.1682924e-08   4.1140827e-05
   4.9800704e+00   2.1682427e-08   4.1138883e-05
   4.9800857e+00   2.1681433e-08   4.1134995e-05
   4.9801162e+00   2.1679441e-08   4.1127221e-05
   4.9801772e+00   2.1675446e-08   4.1111671e-05
   4.9802993e+00   2.1667408e-08   4.1080575e-05
   4.9805434e+00   2.1651139e-08   4.1018387e-05
   4.9810317e+00   2.1617859e-08   4.0894035e-05
   4.9820083e+00   2.1548506e-08   4.0645429e-05
   4.9839614e+00   2.1399956e-08   4.0148614e-05
   4.9878676e+00   2.1072379e-08   3.9156658e-05
   4.9956801e+00   2.0345980e-08   3.7180061e-05
   5.0113051e+00   1.8819499e-08   3.3261018e-05
   5.0425551e+00   1.5967628e-08   2.5596596e-05
   5.0889727e+00   1.2210221e-08   1.4780236e-05
   5.0889727e+00   1.2210221e-08   1.4780236e-05
   5.0889727e+00   1.2210221e-08   1.4780236e-05
   5.0889727e+00   1.2210221e-08   1.4780236e-05
   5.0889727e+00   1.2210221e-08   1.4780236e-05
   5.0889727e+00   1.2210221e-08   1.4780236e-05
   5.0889727e+00   1.2210221e-08   1.4780236e-05
   5.0889727e+00   1.2210221e-08   1.4780236e-05
   5.0889727e+00   1.2210221e-08   1.4780236e-05
   5.0889727e+00   1.2210221e-08   1.4780235e-05
   5.0889727e+00   1.2210221e-08   1.4780235e-05
   5.0889727e+00   1.2210221e-08   1.4780235e-05
   5.0889727e+00   1.2210221e-08   1.4780234e-05
   5.0889727e+00   1.2210221e-08   1.4780233e-05
   5.0889727e+00   1.2210221e-08   1.4780231e-05
   5.0889728e+00   1.2210220e-08   1.4780225e-05
   5.0889728e+00   1.2210218e-08   1.4780215e-05
   5.0889729e+00   1.2210215e-08   1.4780195e-05
   5.0889731e+00   1.2210208e-08   1.4780154e-05
   5.0889735e+00   1.2210195e-08   1.4780072e-05
   5.0889742e+00   1.2210168e-08   1.4779908e-05
   5.0889757e+00   1.2210114e-08   1.4779579e-05
   5.0889786e+00   1.2210007e-08   1.4778923e-05
   5.0889844e+00   1.2209793e-08   1.4777611e-05
   5.0889961e+00   1.2209364e-08   1.4774986e-05
   5.0890195e+00   1.2208504e-08   1.4769736e-05
   5.0890663e+00   1.2206782e-08   1.4759238e-05
   5.0891599e+00   1.2203321e-08   1.4738244e-05
   5.0893471e+00   1.2196334e-08   1.4696266e-05
   5.0897215e+00   1.2182112e-08   1.4612354e-05
   5.0904704e+00   1.2152716e-08   1.4444700e-05
   5.0919680e+00   1.2090467e-08   1.4110080e-05
   5.0949632e+00   1.1954589e-08   1.3443613e-05
   5.1009537e+00   1.1652367e-08   1.2121948e-05
   5.1129347e+00   1.0998449e-08   9.5250577e-06
   5.1368968e+00   9.7136316e-09   4.5272108e-06
   5.1848208e+00   7.4995190e-09  -4.6146212e-06
   5.2478748e+00   5.2831879e-09  -1.4737833e-05
   5.2478748e+00   5.2831879e-09  -1.4737833e-05
   5.2478748e+00   5.2831879e-09  -1.4737833e-05
   5.2478748e+00   5.2831879e-09  -1.4737833e-05
   5.2478748e+00   5.2831879e-09  -1.4737833e-05
   5.2478748e+00   5.2831879e-09  -1.4737833e-05
   5.2478748e+00   5.2831879e-09  -1.4737833e-05
   5.2478748e+00   5.2831879e-09  -1.4737833e-05
   5.2478748e+00   5.2831879e-09  -1.4737833e-05
   5.2478748e+00   5.2831879e-09  -1.4737833e-05
   5.2478748e+00   5.2831879e-09  -1.4737833e-05
   5.2478748e+00   5.2831879e-09  -1.4737834e-05
   5.2478748e+00   5.2831878e-09  -1.4737834e-05
   5.2478748e+00   5.2831878e-09  -1.4737835e-05
   5.2478748e+00   5.2831876e-09  -1.4737836e-05
   5.2478748e+00   5.2831873e-09  -1.4737839e-05
   5.2478749e+00   5.2831866e-09  -1.4737845e-05
   5.2478750e+00   5.2831854e-09  -1.4737856e-05
   5.2478751e+00   5.2831828e-09  -1.4737879e-05
   5.2478754e+00   5.2831777e-09  -1.4737925e-05
   5.2478761e+00   5.2831675e-09  -1.4738017e-05
   5.2478774e+00   5.2831471e-09  -1.4738201e-05
   5.2478799e+00   5.2831062e-09  -1.4738568e-05
   5.2478851e+00   5.2830244e-09  -1.4739303e-05
   5.2478954e+00   5.2828608e-09  -1.4740772e-05
   5.2479160e+00   5.2825333e-09  -1.4743710e-05
   5.2479573e+00   5.2818768e-09  -1.4749587e-05
   5.2480398e+00   5.2805585e-09  -1.4761336e-05
   5.2482047e+00   5.2779003e-09  -1.4784823e-05
   5.2485347e+00   5.2724995e-09  -1.4831749e-05
   5.2491946e+00   5.2613744e-09  -1.4925411e-05
   5.2505144e+00   5.2379354e-09  -1.5111974e-05
   5.2531541e+00   5.1870513e-09  -1.5482049e-05
   5.2584334e+00   5.0740003e-09  -1.6209982e-05
   5.2689920e+00   4.8269132e-09  -1.7616839e-05
   5.2901092e+00   4.3306177e-09  -2.0233780e-05
   5.3323436e+00   3.4573307e-09  -2.4679962e-05
   5.3548549e+00   6.1935867e-09  -2.6624168e-05
   5.3548549e+00   6.1935867e-09  -2.6624168e-05
   5.4393237e+00   9.7984338e-07  -3.1383920e-05
   5.4627810e+00   1.8541198e-07  -3.2034709e-05
   5.4862383e+00   3.5635432e-08  -3.2415688e-05
   5.5520490e+00   2.2617050e-06  -3.2165844e-05
   5.5744772e+00   3.8736347e-07  -3.1680667e-05
   5.5969054e+00   5.6912166e-08  -3.1015745e-05
   5.6534753e+00   1.7756498e-06  -2.8640543e-05
   5.6791890e+00   4.1225228e-07  -2.7280078e-05
   5.7049026e+00   8.8539870e-08  -2.5776102e-05
   5.7069809e+00   2.9634506e-19  -2.5648958e-05
   5.7069809e+00  -4.1355854e-18  -2.5648958e-05
   5.7088466e+00  -1.0280892e-08  -2.5534161e-05
   5.7088466e+00  -1.0280892e-08  -2.5534161e-05
   5.7107123e+00  -1.0367644e-08  -2.5418746e-05
   5.7125780e+00  -1.0435994e-08  -2.5302720e-05
   5.7126468e+00  -1.0438162e-08  -2.5298428e-05
   5.7126468e+00  -1.0438162e-08  -2.5298428e-05
   5.7163781e+00  -1.0517832e-08  -2.5064537e-05
   5.7184949e+00  -1.0529860e-08  -2.4930808e-05
   5.7184949e+00  -1.0529860e-08  -2.4930808e-05
   5.7222262e+00  -1.0496818e-08  -2.4693283e-05
   5.7259576e+00  -1.0412281e-08  -2.4453526e-05
   5.7273519e+00  -1.0371091e-08  -2.4363375e-05
   5.7273519e+00  -1.0371091e-08  -2.4363375e-05
   5.7348146e+00  -1.0093481e-08  -2.3875874e-05
   5.7422773e+00  -9.7635853e-09  -2.3380345e-05
   5.7520185e+00  -9.3091657e-09  -2.2722321e-05
   5.7520185e+00  -9.3091657e-09  -2.2722321e-05
   5.7669439e+00  -8.6206728e-09  -2.1691954e-05
   5.7818693e+00  -7.9721306e-09  -2.0638413e-05
   5.8117201e+00  -6.8116947e-09  -1.8477751e-05
   5.8714217e+00  -4.9512214e-09  -1.4047602e-05
   5.9487425e+00  -3.2284976e-09  -8.3944093e-06
   5.9487425e+00  -3.2284976e-09  -8.3944093e-06
   5.9487425e+00  -3.2284976e-09  -8.3944093e-06
   5.9487425e+00  -3.2284976e-09  -8.3944093e-06
   5.9487425e+00  -3.2284976e-09  -8.3944093e-06
   5.9487425e+00  -3.2284976e-09  -8.3944093e-06
   5.9487425e+00  -3.2284976e-09  -8.3944093e-06
   5.9487425e+00  -3.2284976e-09  -8.3944093e-06
   5.9487425e+00  -3.2284976e-09  -8.3944092e-06
   5.9487425e+00  -3.2284976e-09  -8.3944091e-06
   5.9487425e+00  -3.2284976e-09  -8.3944089e-06
   5.9487426e+00  -3.2284975e-09  -8.3944085e-06
   5.9487426e+00  -3.2284974e-09  -8.3944076e-06
   5.9487426e+00  -3.2284972e-09  -8.3944059e-06
   5.9487426e+00  -3.2284967e-09  -8.3944024e-06
   5.9487427e+00  -3.2284957e-09  -8.3943955e-06
   5.9487429e+00  -3.2284938e-09  -8.3943816e-06
   5.9487433e+00  -3.2284901e-09  -8.3943539e-06
   5.9487441e+00  -3.2284825e-09  -8.3942985e-06
   5.9487457e+00  -3.2284673e-09  -8.3941876e-06
   5.9487488e+00  -3.2284370e-09  -8.3939659e-06
   5.9487551e+00  -3.2283764e-09  -8.3935225e-06
   5.9487676e+00  -3.2282551e-09  -8.3926357e-06
   5.9487926e+00  -3.2280122e-09  -8.3908622e-06
   5.9488426e+00  -3.2275252e-09  -8.3873152e-06
   5.9489427e+00  -3.2265462e-09  -8.3802218e-06
   5.9491428e+00  -3.2245689e-09  -8.3660374e-06
   5.9495431e+00  -3.2205392e-09  -8.3376780e-06
   5.9503436e+00  -3.2121941e-09  -8.2809970e-06
   5.9519446e+00  -3.1944731e-09  -8.1677875e-06
   5.9551467e+00  -3.1556844e-09  -7.9419890e-06
   5.9615509e+00  -3.0694119e-09  -7.4929575e-06
   5.9743592e+00  -2.8839210e-09  -6.6058073e-06
   5.9999758e+00  -2.5238938e-09  -4.8800944e-06
   6.0512091e+00  -1.9070810e-09  -1.6581436e-06
   6.1182589e+00  -1.3209396e-09   2.0055165e-06
   6.1182589e+00  -1.3209396e-09   2.0055165e-06
   6.1182589e+00  -1.3209396e-09   2.0055165e-06
   6.1182589e+00  -1.3209396e-09   2.0055165e-06
   6.1182589e+00  -1.3209396e-09   2.0055165e-06
   6.1182589e+00  -1.3209396e-09   2.0055165e-06
   6.1182589e+00  -1.3209396e-09   2.0055165e-06
   6.1182589e+00  -1.3209396e-09   2.0055165e-06
   6.1182589e+00  -1.3209396e-09   2.0055165e-06
   6.1182589e+00  -1.3209396e-09   2.0055166e-06
   6.1182589e+00  -1.3209396e-09   2.0055167e-06
   6.1182589e+00  -1.3209396e-09   2.0055169e-06
   6.1182589e+00  -1.3209396e-09   2.0055173e-06
   6.1182589e+00  -1.3209395e-09   2.0055181e-06
   6.1182589e+00  -1.3209394e-09   2.0055197e-06
   6.1182590e+00  -1.3209391e-09   2.0055229e-06
   6.1182591e+00  -1.3209386e-09   2.0055294e-06
   6.1182594e+00  -1.3209376e-09   2.0055423e-06
   6.1182599e+00  -1.3209355e-09   2.0055680e-06
   6.1182609e+00  -1.3209314e-09   2.0056196e-06
   6.1182630e+00  -1.3209231e-09   2.0057227e-06
   6.1182672e+00  -1.3209066e-09   2.0059290e-06
   6.1182755e+00  -1.3208735e-09   2.0063414e-06
   6.1182922e+00  -1.3208073e-09   2.0071663e-06
   6.1183255e+00  -1.3206747e-09   2.0088160e-06
   6.1183922e+00  -1.3204087e-09   2.0121148e-06
   6.1185256e+00  -1.3198730e-09   2.0187102e-06
   6.1187924e+00  -1.3187877e-09   2.0318925e-06
   6.1193259e+00  -1.3165634e-09   2.0582228e-06
   6.1203930e+00  -1.3119140e-09   2.1107464e-06
   6.1225272e+00  -1.3019160e-09   2.2152440e-06
   6.1267956e+00  -1.2798073e-09   2.4220334e-06
   6.1353322e+00  -1.2309250e-09   2.8267315e-06
   6.1524056e+00  -1.1294349e-09   3.6001903e-06
   6.1865524e+00  -9.4314314e-10   5.0007827e-06
   6.2344265e+00  -7.1594017e-10   6.6307663e-06
   6.2344265e+00  -7.1594017e-10   6.6307663e-06
   6.2344265e+00  -7.1594016e-10   6.6307663e-06
   6.2344265e+00  -7.1594016e-10   6.6307663e-06
   6.2344265e+00  -7.1594016e-10   6.6307664e-06
   6.2344265e+00  -7.1594016e-10   6.6307664e-06
   6.2344265e+00  -7.1594016e-10   6.6307664e-06
   6.2344265e+00  -7.1594016e-10   6.6307664e-06
   6.2344265e+00  -7.1594015e-10   6.6307665e-06
   6.2344265e+00  -7.1594014e-10   6.6307667e-06
   6.2344265e+00  -7.1594011e-10   6.6307671e-06
   6.2344265e+00  -7.1594006e-10   6.6307678e-06
   6.2344266e+00  -7.1593996e-10   6.6307693e-06
   6.2344267e+00  -7.1593975e-10   6.6307722e-06
   6.2344268e+00  -7.1593933e-10   6.6307780e-06
   6.2344272e+00  -7.1593849e-10   6.6307897e-06
   6.2344280e+00  -7.1593682e-10   6.6308130e-06
   6.2344296e+00  -7.1593347e-10   6.6308597e-06
   6.2344327e+00  -7.1592678e-10   6.6309530e-06
   6.2344389e+00  -7.1591339e-10   6.6311397e-06
   6.2344514e+00  -7.1588660e-10   6.6315130e-06
   6.2344763e+00  -7.1583294e-10   6.6322596e-06
   6.2345261e+00  -7.1572535e-10   6.6337525e-06
   6.2346258e+00  -7.1550910e-10   6.6367370e-06
   6.2348252e+00  -7.1507236e-10   6.6427009e-06
   6.2352239e+00  -7.1418234e-10   6.6546085e-06
   6.2360213e+00  -7.1233939e-10   6.6783426e-06
   6.2376161e+00  -7.0842651e-10   6.7254866e-06
   6.2408058e+00  -6.9986312e-10   6.8184790e-06
   6.2471852e+00  -6.8081645e-10   6.9992886e-06
   6.2599439e+00  -6.3984917e-10   7.3402797e-06
   6.2750592e+00  -5.9209386e-10   7.7088949e-06
   6.2750592e+00  -5.9209386e-10   7.7088949e-06
   6.3005766e+00  -5.1764964e-10   8.2453570e-06
   6.3260941e+00  -4.5250695e-10   8.6763595e-06
   6.3771290e+00  -3.4566115e-10   9.2360456e-06
   6.4447113e+00  -2.3623499e-10   9.4088806e-06
   6.4447113e+00  -2.3623499e-10   9.4088806e-06
   6.4447113e+00  -2.3623499e-10   9.4088806e-06
   6.4447113e+00  -2.3623499e-10   9.4088806e-06
   6.4447113e+00  -2.3623499e-10   9.4088806e-06
   6.4447113e+00  -2.3623499e-10   9.4088806e-06
   6.4447113e+00  -2.3623499e-10   9.4088806e-06
   6.4447113e+00  -2.3623499e-10   9.4088806e-06
   6.4447113e+00  -2.3623499e-10   9.4088806e-06
   6.4447113e+00  -2.3623499e-10   9.4088806e-06
   6.4447113e+00  -2.3623499e-10   9.4088806e-06
   6.4447113e+00  -2.3623499e-10   9.4088806e-06
   6.4447113e+00  -2.3623499e-10   9.4088806e-06
   6.4447113e+00  -2.3623499e-10   9.4088806e-06
   6.4447113e+00  -2.3623499e-10   9.4088806e-06
   6.4447113e+00  -2.3623499e-10   9.4088806e-06
   6.4447113e+00  -2.3623499e-10   9.4088806e-06
   6.4447113e+00  -2.3623499e-10   9.4088806e-06
   6.4447113e+00  -2.3623499e-10   9.4088806e-06
   6.4447113e+00  -2.3623499e-10   9.4088806e-06
   6.4447113e+00  -2.3623499e-10   9.4088806e-06
   6.4447113e+00  -2.3623498e-10   9.4088806e-06
   6.4447113e+00  -2.3623498e-10   9.4088806e-06
   6.4447113e+00  -2.3623497e-10   9.4088806e-06
   6.4447113e+00  -2.3623495e-10   9.4088805e-06
   6.4447114e+00  -2.3623490e-10   9.4088804e-06
   6.4447115e+00  -2.3623482e-10   9.4088802e-06
   6.4447117e+00  -2.3623465e-10   9.4088798e-06
   6.4447122e+00  -2.3623431e-10   9.4088789e-06
   6.4447132e+00  -2.3623364e-10   9.4088772e-06
   6.4447151e+00  -2.3623228e-10   9.4088737e-06
   6.4447189e+00  -2.3622958e-10   9.4088668e-06
   6.4447265e+00  -2.3622417e-10   9.4088529e-06
   6.4447418e+00  -2.3621334e-10   9.4088251e-06
   6.4447723e+00  -2.3619164e-10   9.4087695e-06
   6.4448333e+00  -2.3614812e-10   9.4086579e-06
   6.4449554e+00  -2.3606054e-10   9.4084334e-06
   6.4451996e+00  -2.3588330e-10   9.4079789e-06
   6.4456878e+00  -2.3552071e-10   9.4070481e-06
   6.4466644e+00  -2.3476513e-10   9.4050997e-06
   6.4486175e+00  -2.3314673e-10   9.4008567e-06
   6.4525238e+00  -2.2957786e-10   9.3909950e-06
   6.4603363e+00  -2.2166393e-10   9.3658436e-06
   6.4759613e+00  -2.0503334e-10   9.2944323e-06
   6.5072113e+00  -1.7396298e-10   9.0721134e-06
   6.5536288e+00  -1.3302713e-10   8.5675389e-06
   6.5536288e+00  -1.3302713e-10   8.5675389e-06
   6.5536288e+00  -1.3302713e-10   8.5675389e-06
   6.5963540e+00  -1.0619536e-10   7.9485485e-06
   6.5963540e+00  -1.0619536e-10   7.9485485e-06
   6.5963540e+00  -1.0619536e-10   7.9485485e-06
   6.5963540e+00  -1.0619536e-10   7.9485485e-06
   6.5963540e+00  -1.0619536e-10   7.9485484e-06
   6.5963540e+00  -1.0619536e-10   7.9485484e-06
   6.5963540e+00  -1.0619536e-10   7.9485483e-06
   6.5963541e+00  -1.0619535e-10   7.9485481e-06
   6.5963541e+00  -1.0619535e-10   7.9485478e-06
   6.5963541e+00  -1.0619533e-10   7.9485472e-06
   6.5963542e+00  -1.0619531e-10   7.9485458e-06
   6.5963544e+00  -1.0619526e-10   7.9485432e-06
   6.5963547e+00  -1.0619515e-10   7.9485380e-06
   6.5963553e+00  -1.0619494e-10   7.9485275e-06
   6.5963567e+00  -1.0619452e-10   7.9485065e-06
   6.5963593e+00  -1.0619369e-10   7.9484645e-06
   6.5963645e+00  -1.0619201e-10   7.9483806e-06
   6.5963751e+00  -1.0618866e-10   7.9482127e-06
   6.5963961e+00  -1.0618195e-10   7.9478768e-06
   6.5964381e+00  -1.0616849e-10   7.9472050e-06
   6.5965222e+00  -1.0614148e-10   7.9458612e-06
   6.5966904e+00  -1.0608699e-10   7.9431721e-06
   6.5970267e+00  -1.0597626e-10   7.9377884e-06
   6.5976994e+00  -1.0574806e-10   7.9269995e-06
   6.5990448e+00  -1.0526690e-10   7.9053356e-06
   6.6017357e+00  -1.0422146e-10   7.8616668e-06
   6.6071173e+00  -1.0189816e-10   7.7729913e-06
   6.6178806e+00  -9.6827284e-11   7.5904990e-06
   6.6394071e+00  -8.6675008e-11   7.2066202e-06
   6.6722839e+00  -7.2835579e-11   6.5790433e-06
   6.6722839e+00  -7.2835579e-11   6.5790433e-06
   6.7153369e+00  -5.7722116e-11   5.7011833e-06
   6.7504711e+00  -4.7119686e-11   4.9554485e-06
   6.7504711e+00  -4.7119686e-11   4.9554485e-06
   6.7504711e+00  -4.7119686e-11   4.9554485e-06
   6.7504711e+00  -4.7119686e-11   4.9554485e-06
   6.7504711e+00  -4.7119686e-11   4.9554485e-06
   6.7504711e+00  -4.7119686e-11   4.9554485e-06
   6.7504711e+00  -4.7119686e-11   4.9554485e-06
   6.7504711e+00  -4.7119686e-11   4.9554485e-06
   6.7504711e+00  -4.7119686e-11   4.9554485e-06
   6.7504711e+00  -4.7119686e-11   4.9554485e-06
   6.7504711e+00  -4.7119686e-11   4.9554485e-06
   6.7504711e+00  -4.7119686e-11   4.9554485e-06
   6.7504711e+00  -4.7119686e-11   4.9554485e-06
   6.7504711e+00  -4.7119686e-11   4.9554485e-06
   6.7504711e+00  -4.7119686e-11   4.9554485e-06
   6.7504711e+00  -4.7119686e-11   4.9554485e-06
   6.7504711e+00  -4.7119686e-11   4.9554485e-06
   6.7504711e+00  -4.7119686e-11   4.9554485e-06
   6.7504711e+00  -4.7119686e-11   4.9554485e-06
   6.7504711e+00  -4.7119686e-11   4.9554484e-06
   6.7504711e+00  -4.7119685e-11   4.9554484e-06
   6.7504711e+00  -4.7119685e-11   4.9554483e-06
   6.7504711e+00  -4.7119684e-11   4.9554482e-06
   6.7504711e+00  -4.7119682e-11   4.9554478e-06
   6.7504711e+00  -4.7119677e-11   4.9554472e-06
   6.7504712e+00  -4.7119669e-11   4.9554459e-06
   6.7504713e+00  -4.7119652e-11   4.9554434e-06
   6.7504716e+00  -4.7119618e-11   4.9554383e-06
   6.7504720e+00  -4.7119551e-11   4.9554280e-06
   6.7504730e+00  -4.7119416e-11   4.9554076e-06
   6.7504749e+00  -4.7119147e-11   4.9553667e-06
   6.7504787e+00  -4.7118607e-11   4.9552848e-06
   6.7504863e+00  -4.7117528e-11   4.9551212e-06
   6.7505016e+00  -4.7115367e-11   4.9547939e-06
   6.7505321e+00  -4.7111040e-11   4.9541393e-06
   6.7505932e+00  -4.7102359e-11   4.9528302e-06
   6.7507152e+00  -4.7084890e-11   4.9502118e-06
   6.7509594e+00  -4.7049537e-11   4.9449745e-06
   6.7514476e+00  -4.6977216e-11   4.9344984e-06
   6.7524242e+00  -4.6826507e-11   4.9135401e-06
   6.7543773e+00  -4.6503698e-11   4.8715999e-06
   6.7582836e+00  -4.5791847e-11   4.7876331e-06
   6.7660961e+00  -4.4213327e-11   4.6194182e-06
   6.7817211e+00  -4.0896172e-11   4.2823674e-06
   6.8129711e+00  -3.4698843e-11   3.6096653e-06
   6.8593886e+00  -2.6533734e-11   2.6290646e-06
   6.8593886e+00  -2.6533734e-11   2.6290646e-06
   6.8593886e+00  -2.6533734e-11   2.6290646e-06
   6.9021138e+00  -2.1181837e-11   1.7645932e-06
   6.9021138e+00  -2.1181837e-11   1.7645932e-06
   6.9021139e+00  -2.1181836e-11   1.7645929e-06
   6.9021139e+00  -2.1181836e-11   1.7645929e-06
   6.9021139e+00  -2.1181835e-11   1.7645927e-06
   6.9021139e+00  -2.1181834e-11   1.7645924e-06
   6.9021139e+00  -2.1181833e-11   1.7645919e-06
   6.9021140e+00  -2.1181830e-11   1.7645909e-06
   6.9021141e+00  -2.1181823e-11   1.7645889e-06
   6.9021143e+00  -2.1181810e-11   1.7645848e-06
   6.9021147e+00  -2.1181784e-11   1.7645767e-06
   6.9021155e+00  -2.1181732e-11   1.7645606e-06
   6.9021171e+00  -2.1181627e-11   1.7645282e-06
   6.9021204e+00  -2.1181418e-11   1.7644635e-06
   6.9021270e+00  -2.1181000e-11   1.7643341e-06
   6.9021402e+00  -2.1180162e-11   1.7640754e-06
   6.9021665e+00  -2.1178486e-11   1.7635579e-06
   6.9022191e+00  -2.1175124e-11   1.7625229e-06
   6.9023244e+00  -2.1168364e-11   1.7604532e-06
   6.9025349e+00  -2.1154705e-11   1.7563147e-06
   6.9029559e+00  -2.1126843e-11   1.7480417e-06
   6.9037979e+00  -2.1069057e-11   1.7315114e-06
   6.9054820e+00  -2.0946080e-11   1.6985135e-06
   6.9088501e+00  -2.0676360e-11   1.6327726e-06
   6.9155862e+00  -2.0076655e-11   1.5023338e-06
   6.9290586e+00  -1.8794004e-11   1.2458150e-06
   6.9560034e+00  -1.6327919e-11   7.5161385e-07
   7.0098930e+00  -1.2099825e-11  -1.5177676e-07
   7.0801580e+00  -8.2842391e-12  -1.1362460e-06
   7.0801580e+00  -8.2842391e-12  -1.1362460e-06
   7.0801580e+00  -8.2842383e-12  -1.1362464e-06
   7.0801580e+00  -8.2842383e-12  -1.1362464e-06
   7.0801580e+00  -8.2842375e-12  -1.1362469e-06
   7.0801581e+00  -8.2842367e-12  -1.1362473e-06
   7.0801581e+00  -8.2842351e-12  -1.1362481e-06
   7.0801583e+00  -8.2842318e-12  -1.1362497e-06
   7.0801585e+00  -8.2842253e-12  -1.1362529e-06
   7.0801591e+00  -8.2842122e-12  -1.1362594e-06
   7.0801601e+00  -8.2841861e-12  -1.1362724e-06
   7.0801622e+00  -8.2841338e-12  -1.1362983e-06
   7.0801664e+00  -8.2840293e-12  -1.1363503e-06
   7.0801748e+00  -8.2838201e-12  -1.1364541e-06
   7.0801916e+00  -8.2834015e-12  -1.1366617e-06
   7.0802253e+00  -8.2825627e-12  -1.1370768e-06
   7.0802925e+00  -8.2808794e-12  -1.1379069e-06
   7.0804271e+00  -8.2774904e-12  -1.1395666e-06
   7.0806962e+00  -8.2706236e-12  -1.1428832e-06
   7.0812343e+00  -8.2565474e-12  -1.1495058e-06
   7.0823106e+00  -8.2271158e-12  -1.1627089e-06
   7.0844633e+00  -8.1638012e-12  -1.1889460e-06
   7.0887686e+00  -8.0237585e-12  -1.2407430e-06
   7.0973792e+00  -7.7142304e-12  -1.3416195e-06
   7.1146003e+00  -7.0723747e-12  -1.5324498e-06
   7.1490427e+00  -5.8962425e-12  -1.8702020e-06
   7.1953292e+00  -4.6409622e-12  -2.2322361e-06
   7.1953292e+00  -4.6409622e-12  -2.2322361e-06
   7.2642139e+00  -4.5167878e-12  -2.5820479e-06
   7.3330986e+00  -1.1370505e-10  -2.7228266e-06
   7.4708679e+00  -7.6136237e-07  -2.4921403e-06
   7.5017307e+00  -4.3046992e-07  -2.3684852e-06
   7.5325934e+00  -2.4222499e-07  -2.2255714e-06
   7.5860144e+00  -4.1630001e-06  -1.9423270e-06
   7.5925738e+00  -1.7890908e-06  -1.9050644e-06
   7.5925738e+00  -1.7890908e-06  -1.9050644e-06
   7.6155508e+00  -2.4474546e-07  -1.7712472e-06
   7.6253444e+00  -4.4829219e-19  -1.7128699e-06
   7.6253444e+00   2.7537041e-19  -1.7128699e-06
   7.6483214e+00   6.9978874e-08  -1.5734678e-06
   7.6578658e+00   8.3513397e-08  -1.5147684e-06
   7.6578658e+00   8.3513397e-08  -1.5147684e-06
   7.6616656e+00   8.4791226e-08  -1.4912982e-06
   7.6616656e+00   8.4791226e-08  -1.4912982e-06
   7.6654655e+00   8.5444621e-08  -1.4677785e-06
   7.6675138e+00   8.5536114e-08  -1.4550816e-06
   7.6675138e+00   8.5536114e-08  -1.4550816e-06
   7.6713136e+00   8.5258372e-08  -1.4314956e-06
   7.6751135e+00   8.4549725e-08  -1.4078727e-06
   7.6763709e+00   8.4246349e-08  -1.4000483e-06
   7.6763709e+00   8.4246349e-08  -1.4000483e-06
   7.6839706e+00   8.1944707e-08  -1.3526947e-06
   7.6915703e+00   7.9209163e-08  -1.3052593e-06
   7.7067698e+00   7.3440157e-08  -1.2102945e-06
   7.7371686e+00   6.2603289e-08  -1.0210114e-06
   7.7836012e+00   4.7864172e-08  -7.3778223e-07
   7.7836012e+00   4.7864172e-08  -7.3778223e-07
   7.7836012e+00   4.7864172e-08  -7.3778223e-07
   7.7836012e+00   4.7864172e-08  -7.3778223e-07
   7.7836012e+00   4.7864172e-08  -7.3778223e-07
   7.7836012e+00   4.7864172e-08  -7.3778223e-07
   7.7836012e+00   4.7864172e-08  -7.3778223e-07
   7.7836012e+00   4.7864172e-08  -7.3778223e-07
   7.7836012e+00   4.7864172e-08  -7.3778222e-07
   7.7836012e+00   4.7864172e-08  -7.3778222e-07
   7.7836012e+00   4.7864172e-08  -7.3778222e-07
   7.7836012e+00   4.7864172e-08  -7.3778222e-07
   7.7836012e+00   4.7864172e-08  -7.3778222e-07
   7.7836012e+00   4.7864171e-08  -7.3778221e-07
   7.7836012e+00   4.7864171e-08  -7.3778219e-07
   7.7836012e+00   4.7864170e-08  -7.3778216e-07
   7.7836012e+00   4.7864169e-08  -7.3778209e-07
   7.7836013e+00   4.7864165e-08  -7.3778195e-07
   7.7836013e+00   4.7864159e-08  -7.3778167e-07
   7.7836014e+00   4.7864145e-08  -7.3778112e-07
   7.7836016e+00   4.7864119e-08  -7.3778002e-07
   7.7836020e+00   4.7864066e-08  -7.3777781e-07
   7.7836027e+00   4.7863960e-08  -7.3777340e-07
   7.7836042e+00   4.7863748e-08  -7.3776457e-07
   7.7836071e+00   4.7863324e-08  -7.3774692e-07
   7.7836130e+00   4.7862476e-08  -7.3771162e-07
   7.7836248e+00   4.7860779e-08  -7.3764102e-07
   7.7836484e+00   4.7857380e-08  -7.3749982e-07
   7.7836957e+00   4.7850567e-08  -7.3721743e-07
   7.7837901e+00   4.7836876e-08  -7.3665269e-07
   7.7839790e+00   4.7809239e-08  -7.3552338e-07
   7.7843568e+00   4.7752969e-08  -7.3326542e-07
   7.7851123e+00   4.7636635e-08  -7.2875217e-07
   7.7866234e+00   4.7390193e-08  -7.1973643e-07
   7.7896456e+00   4.6852055e-08  -7.0174876e-07
   7.7956900e+00   4.5655091e-08  -6.6595470e-07
   7.8077788e+00   4.3067310e-08  -5.9513889e-07
   7.8319563e+00   3.7991059e-08  -4.5695565e-07
   7.8803114e+00   2.9252781e-08  -1.9696608e-07
   7.9438853e+00   2.0567622e-08   1.0473512e-07
   7.9438853e+00   2.0567622e-08   1.0473512e-07
   7.9438853e+00   2.0567622e-08   1.0473512e-07
   7.9438853e+00   2.0567622e-08   1.0473512e-07
   7.9438853e+00   2.0567622e-08   1.0473512e-07
   7.9438853e+00   2.0567622e-08   1.0473512e-07
   7.9438853e+00   2.0567622e-08   1.0473512e-07
   7.9438853e+00   2.0567622e-08   1.0473512e-07
   7.9438853e+00   2.0567622e-08   1.0473512e-07
   7.9438853e+00   2.0567622e-08   1.0473512e-07
   7.9438853e+00   2.0567622e-08   1.0473513e-07
   7.9438853e+00   2.0567622e-08   1.0473514e-07
   7.9438853e+00   2.0567622e-08   1.0473516e-07
   7.9438853e+00   2.0567621e-08   1.0473521e-07
   7.9438853e+00   2.0567620e-08   1.0473529e-07
   7.9438853e+00   2.0567617e-08   1.0473547e-07
   7.9438854e+00   2.0567612e-08   1.0473582e-07
   7.9438856e+00   2.0567602e-08   1.0473653e-07
   7.9438859e+00   2.0567582e-08   1.0473794e-07
   7.9438866e+00   2.0567542e-08   1.0474075e-07
   7.9438879e+00   2.0567462e-08   1.0474639e-07
   7.9438904e+00   2.0567302e-08   1.0475766e-07
   7.9438956e+00   2.0566982e-08   1.0478021e-07
   7.9439060e+00   2.0566341e-08   1.0482530e-07
   7.9439268e+00   2.0565058e-08   1.0491548e-07
   7.9439682e+00   2.0562487e-08   1.0509582e-07
   7.9440512e+00   2.0557323e-08   1.0545644e-07
   7.9442172e+00   2.0546911e-08   1.0617740e-07
   7.9445492e+00   2.0525754e-08   1.0761823e-07
   7.9452131e+00   2.0482165e-08   1.1049555e-07
   7.9465409e+00   2.0390309e-08   1.1623280e-07
   7.9491966e+00   2.0190843e-08   1.2763754e-07
   7.9545080e+00   1.9747645e-08   1.5016653e-07
   7.9651307e+00   1.8779395e-08   1.9409159e-07
   7.9863762e+00   1.6836564e-08   2.7733237e-07
   8.0288672e+00   1.3421837e-08   4.2490668e-07
   8.0854465e+00   9.7506032e-09   5.8149487e-07
   8.0854465e+00   9.7506032e-09   5.8149487e-07
   8.0854465e+00   9.7506032e-09   5.8149487e-07
   8.0854465e+00   9.7506032e-09   5.8149487e-07
   8.0854465e+00   9.7506032e-09   5.8149487e-07
   8.0854465e+00   9.7506032e-09   5.8149487e-07
   8.0854465e+00   9.7506032e-09   5.8149487e-07
   8.0854465e+00   9.7506032e-09   5.8149487e-07
   8.0854465e+00   9.7506032e-09   5.8149487e-07
   8.0854465e+00   9.7506032e-09   5.8149487e-07
   8.0854465e+00   9.7506032e-09   5.8149487e-07
   8.0854465e+00   9.7506031e-09   5.8149488e-07
   8.0854465e+00   9.7506030e-09   5.8149489e-07
   8.0854465e+00   9.7506028e-09   5.8149491e-07
   8.0854465e+00   9.7506023e-09   5.8149494e-07
   8.0854465e+00   9.7506015e-09   5.8149501e-07
   8.0854466e+00   9.7505997e-09   5.8149515e-07
   8.0854467e+00   9.7505963e-09   5.8149543e-07
   8.0854469e+00   9.7505893e-09   5.8149599e-07
   8.0854474e+00   9.7505754e-09   5.8149712e-07
   8.0854484e+00   9.7505475e-09   5.8149937e-07
   8.0854503e+00   9.7504919e-09   5.8150387e-07
   8.0854541e+00   9.7503805e-09   5.8151286e-07
   8.0854617e+00   9.7501577e-09   5.8153086e-07
   8.0854769e+00   9.7497117e-09   5.8156684e-07
   8.0855074e+00   9.7488183e-09   5.8163879e-07
   8.0855683e+00   9.7470260e-09   5.8178266e-07
   8.0856900e+00   9.7434197e-09   5.8207023e-07
   8.0859336e+00   9.7361214e-09   5.8264475e-07
   8.0864208e+00   9.7211919e-09   5.8379127e-07
   8.0873951e+00   9.6900832e-09   5.8607419e-07
   8.0893437e+00   9.6234572e-09   5.9059965e-07
   8.0932408e+00   9.4765466e-09   5.9948919e-07
   8.1010352e+00   9.1507537e-09   6.1662438e-07
   8.1156204e+00   8.5097026e-09   6.4639483e-07
   8.1156204e+00   8.5097026e-09   6.4639483e-07
   8.1312092e+00   7.8475351e-09   6.7493961e-07
   8.1467980e+00   7.2304379e-09   7.0014826e-07
   8.1779755e+00   6.1345997e-09   7.4079099e-07
   8.2403305e+00   4.3976736e-09   7.8504289e-07
   8.3208595e+00   2.8193672e-09   7.7728487e-07
   8.3208595e+00   2.8193672e-09   7.7728487e-07
   8.3208595e+00   2.8193672e-09   7.7728487e-07
   8.3208595e+00   2.8193672e-09   7.7728487e-07
   8.3208595e+00   2.8193672e-09   7.7728487e-07
   8.3208595e+00   2.8193672e-09   7.7728487e-07
   8.3208595e+00   2.8193672e-09   7.7728487e-07
   8.3208595e+00   2.8193672e-09   7.7728487e-07
   8.3208595e+00   2.8193672e-09   7.7728487e-07
   8.3208595e+00   2.8193672e-09   7.7728487e-07
   8.3208595e+00   2.8193672e-09   7.7728487e-07
   8.3208595e+00   2.8193672e-09   7.7728487e-07
   8.3208595e+00   2.8193672e-09   7.7728487e-07
   8.3208595e+00   2.8193671e-09   7.7728486e-07
   8.3208595e+00   2.8193669e-09   7.7728486e-07
   8.3208596e+00   2.8193667e-09   7.7728484e-07
   8.3208596e+00   2.8193661e-09   7.7728481e-07
   8.3208598e+00   2.8193649e-09   7.7728474e-07
   8.3208601e+00   2.8193626e-09   7.7728460e-07
   8.3208606e+00   2.8193579e-09   7.7728433e-07
   8.3208617e+00   2.8193486e-09   7.7728378e-07
   8.3208639e+00   2.8193300e-09   7.7728269e-07
   8.3208683e+00   2.8192927e-09   7.7728050e-07
   8.3208771e+00   2.8192182e-09   7.7727613e-07
   8.3208947e+00   2.8190690e-09   7.7726738e-07
   8.3209299e+00   2.8187700e-09   7.7724987e-07
   8.3210004e+00   2.8181700e-09   7.7721482e-07
   8.3211413e+00   2.8169616e-09   7.7714458e-07
   8.3214230e+00   2.8145116e-09   7.7700357e-07
   8.3219865e+00   2.8094843e-09   7.7671936e-07
   8.3231135e+00   2.7989554e-09   7.7614230e-07
   8.3253675e+00   2.7762585e-09   7.7495371e-07
   8.3298755e+00   2.7259934e-09   7.7243988e-07
   8.3388916e+00   2.6151174e-09   7.6687580e-07
   8.3569237e+00   2.3867437e-09   7.5368362e-07
   8.3929878e+00   1.9721295e-09   7.1970533e-07
   8.4425301e+00   1.4843755e-09   6.5891026e-07
   8.4425301e+00   1.4843755e-09   6.5891026e-07
   8.4425301e+00   1.4843755e-09   6.5891026e-07
   8.4425301e+00   1.4843755e-09   6.5891026e-07
   8.4425301e+00   1.4843755e-09   6.5891026e-07
   8.4425301e+00   1.4843755e-09   6.5891026e-07
   8.4425301e+00   1.4843755e-09   6.5891026e-07
   8.4425301e+00   1.4843755e-09   6.5891026e-07
   8.4425301e+00   1.4843755e-09   6.5891026e-07
   8.4425302e+00   1.4843755e-09   6.5891026e-07
   8.4425302e+00   1.4843755e-09   6.5891025e-07
   8.4425302e+00   1.4843754e-09   6.5891023e-07
   8.4425302e+00   1.4843753e-09   6.5891020e-07
   8.4425302e+00   1.4843751e-09   6.5891014e-07
   8.4425303e+00   1.4843747e-09   6.5891001e-07
   8.4425305e+00   1.4843739e-09   6.5890975e-07
   8.4425309e+00   1.4843722e-09   6.5890924e-07
   8.4425317e+00   1.4843688e-09   6.5890821e-07
   8.4425332e+00   1.4843621e-09   6.5890615e-07
   8.4425362e+00   1.4843488e-09   6.5890203e-07
   8.4425422e+00   1.4843220e-09   6.5889380e-07
   8.4425542e+00   1.4842683e-09   6.5887734e-07
   8.4425783e+00   1.4841610e-09   6.5884441e-07
   8.4426264e+00   1.4839457e-09   6.5877854e-07
   8.4427226e+00   1.4835131e-09   6.5864676e-07
   8.4429150e+00   1.4826397e-09   6.5838307e-07
   8.4432998e+00   1.4808609e-09   6.5785511e-07
   8.4440695e+00   1.4771813e-09   6.5679691e-07
   8.4456088e+00   1.4693806e-09   6.5467138e-07
   8.4486875e+00   1.4523336e-09   6.5038429e-07
   8.4548448e+00   1.4144155e-09   6.4166923e-07
   8.4671595e+00   1.3325784e-09   6.2370192e-07
   8.4917889e+00   1.1725842e-09   5.8582701e-07
   8.5128673e+00   1.0577113e-09   5.5165080e-07
   8.5128673e+00   1.0577113e-09   5.5165080e-07
   8.5621260e+00   8.8853435e-10   4.6711736e-07
   8.6113848e+00   1.4179207e-09   3.7883145e-07
   8.7099022e+00   6.5904134e-07   2.0327012e-07
   8.7524511e+00   2.7834681e-06   1.3199464e-07
   8.7850057e+00   2.3539575e-06   8.0565027e-08
   8.8175604e+00   1.9470549e-06   3.2353212e-08
   8.8548041e+00   3.6232922e-06  -1.8361653e-08
   8.8926255e+00   8.4963202e-06  -6.4574235e-08
   8.9248909e+00   8.5588867e-06  -9.9536102e-08
   8.9521244e+00   3.0075121e-06  -1.2574511e-07
   8.9812383e+00   1.4689567e-06  -1.5037522e-07
   9.0183418e+00   2.2523454e-06  -1.7668555e-07
   9.0218854e+00   4.1276225e-07  -1.7890259e-07
   9.0218854e+00   4.1276225e-07  -1.7890259e-07
   9.0218854e+00   4.1276225e-07  -1.7890259e-07
   9.0218854e+00   4.1276225e-07  -1.7890259e-07
   9.0218854e+00   4.1276225e-07  -1.7890259e-07
   9.0218854e+00   4.1276225e-07  -1.7890259e-07
   9.0218854e+00   4.1276225e-07  -1.7890259e-07
   9.0218854e+00   4.1276225e-07  -1.7890259e-07
   9.0218854e+00   4.1276225e-07  -1.7890259e-07
   9.0218854e+00   4.1276225e-07  -1.7890259e-07
   9.0218854e+00   4.1276224e-07  -1.7890259e-07
   9.0218854e+00   4.1276223e-07  -1.7890259e-07
   9.0218855e+00   4.1276222e-07  -1.7890260e-07
   9.0218855e+00   4.1276219e-07  -1.7890262e-07
   9.0218855e+00   4.1276212e-07  -1.7890265e-07
   9.0218856e+00   4.1276200e-07  -1.7890271e-07
   9.0218858e+00   4.1276174e-07  -1.7890284e-07
   9.0218863e+00   4.1276124e-07  -1.7890309e-07
   9.0218871e+00   4.1276023e-07  -1.7890360e-07
   9.0218887e+00   4.1275820e-07  -1.7890461e-07
   9.0218920e+00   4.1275415e-07  -1.7890663e-07
   9.0218985e+00   4.1274605e-07  -1.7891067e-07
   9.0219116e+00   4.1272983e-07  -1.7891876e-07
   9.0219378e+00   4.1269735e-07  -1.7893493e-07
   9.0219901e+00   4.1263223e-07  -1.7896727e-07
   9.0220947e+00   4.1250130e-07  -1.7903191e-07
   9.0223040e+00   4.1223674e-07  -1.7916105e-07
   9.0227225e+00   4.1169714e-07  -1.7941881e-07
   9.0235595e+00   4.1057819e-07  -1.7993217e-07
   9.0252336e+00   4.0819756e-07  -1.8095035e-07
   9.0285818e+00   4.0297742e-07  -1.8295253e-07
   9.0352781e+00   3.9137018e-07  -1.8682060e-07
   9.0359148e+00   3.9021749e-07  -1.8717892e-07
   9.0359148e+00   3.9021749e-07  -1.8717892e-07
   9.0493075e+00   3.6534425e-07  -1.9433910e-07
   9.0627002e+00   3.4091377e-07  -2.0078464e-07
   9.0894855e+00   2.9613199e-07  -2.1157328e-07
   9.1430563e+00   2.2234948e-07  -2.2510035e-07
   9.2129668e+00   1.5138608e-07  -2.2805253e-07
   9.2129668e+00   1.5138608e-07  -2.2805253e-07
   9.2129668e+00   1.5138608e-07  -2.2805253e-07
   9.2129668e+00   1.5138608e-07  -2.2805253e-07
   9.2129668e+00   1.5138608e-07  -2.2805253e-07
   9.2129668e+00   1.5138608e-07  -2.2805253e-07
   9.2129668e+00   1.5138608e-07  -2.2805253e-07
   9.2129668e+00   1.5138608e-07  -2.2805253e-07
   9.2129668e+00   1.5138608e-07  -2.2805253e-07
   9.2129668e+00   1.5138608e-07  -2.2805253e-07
   9.2129668e+00   1.5138608e-07  -2.2805253e-07
   9.2129668e+00   1.5138608e-07  -2.2805253e-07
   9.2129668e+00   1.5138608e-07  -2.2805253e-07
   9.2129668e+00   1.5138607e-07  -2.2805253e-07
   9.2129668e+00   1.5138607e-07  -2.2805253e-07
   9.2129668e+00   1.5138605e-07  -2.2805253e-07
   9.2129669e+00   1.5138602e-07  -2.2805253e-07
   9.2129670e+00   1.5138597e-07  -2.2805252e-07
   9.2129673e+00   1.5138585e-07  -2.2805250e-07
   9.2129678e+00   1.5138563e-07  -2.2805247e-07
   9.2129688e+00   1.5138517e-07  -2.2805240e-07
   9.2129708e+00   1.5138426e-07  -2.2805227e-07
   9.2129748e+00   1.5138244e-07  -2.2805201e-07
   9.2129828e+00   1.5137879e-07  -2.2805148e-07
   9.2129989e+00   1.5137149e-07  -2.2805042e-07
   9.2130309e+00   1.5135688e-07  -2.2804831e-07
   9.2130951e+00   1.5132755e-07  -2.2804407e-07
   9.2132234e+00   1.5126851e-07  -2.2803557e-07
   9.2134801e+00   1.5114896e-07  -2.2801841e-07
   9.2139934e+00   1.5090415e-07  -2.2798352e-07
   9.2150200e+00   1.5039312e-07  -2.2791147e-07
   9.2170733e+00   1.4929610e-07  -2.2775828e-07
   9.2211798e+00   1.4687305e-07  -2.2741582e-07
   9.2293929e+00   1.4150817e-07  -2.2658873e-07
   9.2458190e+00   1.3030920e-07  -2.2438315e-07
   9.2786711e+00   1.0959316e-07  -2.1790717e-07
   9.3256804e+00   8.3558187e-08  -2.0441230e-07
   9.3256804e+00   8.3558187e-08  -2.0441230e-07
   9.3256804e+00   8.3558187e-08  -2.0441230e-07
   9.3256804e+00   8.3558187e-08  -2.0441230e-07
   9.3256804e+00   8.3558187e-08  -2.0441230e-07
   9.3256804e+00   8.3558187e-08  -2.0441230e-07
   9.3256804e+00   8.3558187e-08  -2.0441230e-07
   9.3256804e+00   8.3558187e-08  -2.0441230e-07
   9.3256804e+00   8.3558187e-08  -2.0441230e-07
   9.3256804e+00   8.3558187e-08  -2.0441230e-07
   9.3256804e+00   8.3558187e-08  -2.0441230e-07
   9.3256804e+00   8.3558187e-08  -2.0441230e-07
   9.3256804e+00   8.3558186e-08  -2.0441230e-07
   9.3256804e+00   8.3558186e-08  -2.0441230e-07
   9.3256804e+00   8.3558186e-08  -2.0441230e-07
   9.3256804e+00   8.3558185e-08  -2.0441229e-07
   9.3256804e+00   8.3558183e-08  -2.0441229e-07
   9.3256804e+00   8.3558180e-08  -2.0441229e-07
   9.3256805e+00   8.3558173e-08  -2.0441228e-07
   9.3256805e+00   8.3558159e-08  -2.0441226e-07
   9.3256806e+00   8.3558132e-08  -2.0441222e-07
   9.3256809e+00   8.3558078e-08  -2.0441215e-07
   9.3256813e+00   8.3557968e-08  -2.0441201e-07
   9.3256822e+00   8.3557750e-08  -2.0441172e-07
   9.3256839e+00   8.3557314e-08  -2.0441113e-07
   9.3256874e+00   8.3556441e-08  -2.0440997e-07
   9.3256943e+00   8.3554694e-08  -2.0440764e-07
   9.3257083e+00   8.3551199e-08  -2.0440299e-07
   9.3257361e+00   8.3544198e-08  -2.0439368e-07
   9.3257918e+00   8.3530156e-08  -2.0437506e-07
   9.3259032e+00   8.3501916e-08  -2.0433781e-07
   9.3261260e+00   8.3444820e-08  -2.0426323e-07
   9.3265716e+00   8.3328229e-08  -2.0411380e-07
   9.3274628e+00   8.3085990e-08  -2.0381384e-07
   9.3292453e+00   8.2569214e-08  -2.0320954e-07
   9.3328101e+00   8.1433320e-08  -2.0198368e-07
   9.3399398e+00   7.8909537e-08  -1.9946431e-07
   9.3541991e+00   7.3545881e-08  -1.9416705e-07
   9.3827178e+00   6.3344648e-08  -1.8263413e-07
   9.4308574e+00   4.7989993e-08  -1.6084731e-07
   9.4308574e+00   4.7989993e-08  -1.6084731e-07
   9.4308574e+00   4.7989993e-08  -1.6084731e-07
   9.4331638e+00   4.8807074e-08  -1.5974431e-07
   9.4331638e+00   4.8807074e-08  -1.5974431e-07
   9.4354702e+00   4.8176025e-08  -1.5863674e-07
   9.4377766e+00   4.7560827e-08  -1.5752469e-07
   9.4423893e+00   4.6370986e-08  -1.5528763e-07
   9.4516149e+00   4.4120716e-08  -1.5076454e-07
   9.4700661e+00   4.0004113e-08  -1.4154606e-07
   9.5069685e+00   3.2936285e-08  -1.2260240e-07
   9.5807732e+00   2.3771147e-08  -8.4049782e-08
   9.6949640e+00   3.0898219e-06  -2.7964203e-08
   9.7305515e+00   4.7335047e-06  -1.2414448e-08
   9.7661390e+00   7.8720770e-06   1.9156888e-09
   9.7968769e+00   5.5289892e-06   1.3217332e-08
   9.8253494e+00   2.4382595e-06   2.2742074e-08
   9.8575586e+00   1.8990040e-06   3.2380216e-08
   9.8962469e+00   3.8389120e-06   4.2325036e-08
   9.9357718e+00   1.1586055e-05   5.0633521e-08
   9.9562117e+00   2.1075739e-06   5.4202427e-08
   9.9562117e+00   2.1075739e-06   5.4202427e-08
   9.9812110e+00   3.5494498e-07   5.7905257e-08
   9.9947064e+00   1.3738874e-19   5.9606891e-08
   9.9947064e+00  -8.0552833e-19   5.9606891e-08
   1.0000000e+01  -4.8738158e-08   6.0218391e-08
