   0.0000000e+00   0.0000000e+00   0.0000000e+00
   3.1554436e-30  -6.3108872e-29  -6.3108872e-29
   1.3877788e-18  -2.7755576e-17  -2.7755576e-17
   1.3877788e-18  -2.7755576e-17  -2.7755576e-17
   2.0095091e-06  -4.0186065e-05  -4.0190074e-05
   1.2057055e-05  -2.4099304e-04  -2.4113718e-04
   6.2294784e-05  -1.2419674e-03  -1.2457909e-03
   3.1348343e-04  -6.1731168e-03  -6.2669859e-03
   1.5694266e-03  -2.9268631e-02  -3.1317424e-02
   6.1343254e-03  -9.9702204e-02  -1.2130446e-01
   6.1557719e-03  -1.0000000e-01  -1.2172188e-01
   6.1557719e-03  -1.0000000e-01  -1.2172188e-01
   1.2888994e-02  -1.8444465e-01  -2.4695089e-01
   1.4260739e-02  -2.0000000e-01  -2.6919227e-01
   1.4260739e-02  -2.0000000e-01  -2.6919227e-01
   1.6796269e-02  -2.2768243e-01  -2.9922676e-01
   1.7695712e-02  -2.3720342e-01  -3.0377144e-01
   1.8595155e-02  -2.4658329e-01  -3.0964780e-01
   2.3092369e-02  -2.9162979e-01  -3.3902960e-01
   2.3959184e-02  -3.0000000e-01  -3.4469279e-01
   2.3959184e-02  -3.0000000e-01  -3.4469279e-01
   3.4431023e-02  -4.0000000e-01  -4.1310881e-01
   3.4431023e-02  -4.0000000e-01  -4.1310881e-01
   4.5009382e-02  -5.0000000e-01  -4.8222075e-01
   4.5009382e-02  -5.0000000e-01  -4.8222075e-01
   5.5696008e-02  -6.0000000e-01  -5.5204004e-01
   5.5696008e-02  -6.0000000e-01  -5.5204004e-01
   5.8471392e-02  -6.2580688e-01  -5.7017255e-01
   5.8471392e-02  -6.2580688e-01  -5.7017255e-01
   6.6492443e-02  -7.0000000e-01  -6.2257675e-01
   6.6492443e-02  -7.0000000e-01  -6.2257675e-01
   7.7400195e-02  -8.0000000e-01  -6.9384073e-01
   7.7400195e-02  -8.0000000e-01  -6.9384073e-01
   8.5181729e-02  -8.7071523e-01  -7.4468009e-01
   8.5181729e-02  -8.7071523e-01  -7.4468009e-01
   8.8420641e-02  -9.0000000e-01  -7.6584098e-01
   8.8420641e-02  -9.0000000e-01  -7.6584098e-01
   9.9555151e-02  -1.0000000e+00  -8.3858645e-01
   9.9555151e-02  -1.0000000e+00  -8.3858645e-01
   1.0000000e-01  -1.0039744e+00  -8.4149279e-01
   1.0035916e-01  -1.0000000e+00  -8.3665605e-01
   1.0035916e-01  -1.0000000e+00  -8.3665605e-01
   1.0258341e-01  -9.7541498e-01  -8.0670291e-01
   1.0480765e-01  -9.5087818e-01  -7.7674977e-01
   1.0630225e-01  -9.3441866e-01  -7.5662256e-01
   1.0630225e-01  -9.3441866e-01  -7.5662256e-01
   1.0943459e-01  -9.0000000e-01  -7.1444035e-01
   1.0943459e-01  -9.0000000e-01  -7.1444035e-01
   1.1256693e-01  -8.6568133e-01  -6.7225814e-01
   1.1569927e-01  -8.3145963e-01  -6.3007593e-01
   1.1858722e-01  -8.0000000e-01  -5.9118489e-01
   1.1858722e-01  -8.0000000e-01  -5.9118489e-01
   1.2485190e-01  -7.3204427e-01  -5.0682048e-01
   1.2781907e-01  -7.0000000e-01  -4.6686262e-01
   1.2781907e-01  -7.0000000e-01  -4.6686262e-01
   1.3138054e-01  -6.6165515e-01  -4.1890153e-01
   1.3138054e-01  -6.6165515e-01  -4.1890153e-01
   1.3494201e-01  -6.2343547e-01  -3.7094043e-01
   1.3713218e-01  -6.0000000e-01  -3.4144613e-01
   1.3713218e-01  -6.0000000e-01  -3.4144613e-01
   1.4069365e-01  -5.6199310e-01  -2.9348504e-01
   1.4425511e-01  -5.2411016e-01  -2.6288471e-01
   1.4652858e-01  -5.0000000e-01  -2.4877537e-01
   1.4652858e-01  -5.0000000e-01  -2.4877537e-01
   1.5079635e-01  -4.5487727e-01  -2.2734482e-01
   1.5079635e-01  -4.5487727e-01  -2.2734482e-01
   1.5085189e-01  -4.5429114e-01  -2.2709526e-01
   1.5085189e-01  -4.5429114e-01  -2.2709526e-01
   1.5108308e-01  -4.5185153e-01  -2.2605615e-01
   1.5108308e-01  -4.5185153e-01  -2.2605615e-01
   1.5188709e-01  -4.4336615e-01  -2.2243760e-01
   1.5269110e-01  -4.3487943e-01  -2.1881199e-01
   1.5344320e-01  -4.2693950e-01  -2.1541433e-01
   1.5344320e-01  -4.2693950e-01  -2.1541433e-01
   1.5505123e-01  -4.0995987e-01  -2.0813121e-01
   1.5665925e-01  -3.9297544e-01  -2.0082456e-01
   1.5843602e-01  -3.7420339e-01  -1.9272685e-01
   1.5843602e-01  -3.7420339e-01  -1.9272685e-01
   1.6165207e-01  -3.4021198e-01  -1.7801620e-01
   1.6425970e-01  -3.1264000e-01  -1.6605123e-01
   1.6425970e-01  -3.1264000e-01  -1.6605123e-01
   1.6747574e-01  -2.7862247e-01  -1.5126888e-01
   1.7069179e-01  -2.4478242e-01  -1.3648207e-01
   1.7155581e-01  -2.3567898e-01  -1.3251212e-01
   1.7155581e-01  -2.3567898e-01  -1.3251212e-01
   1.7798791e-01  -1.6777441e-01  -1.0306235e-01
   1.8295084e-01  -1.1525139e-01  -8.0565165e-02
   1.8295084e-01  -1.1525139e-01  -8.0565165e-02
   1.8938293e-01  -4.7113869e-02  -5.1895747e-02
   1.9382973e-01  -1.2823076e-14  -3.2512295e-02
   1.9382973e-01   5.9952043e-15  -3.2512295e-02
   2.0026182e-01   6.8146853e-02  -5.2838225e-03
   2.0470862e-01   1.1525139e-01   1.2879872e-02
   2.0470862e-01   1.1525139e-01   1.2879872e-02
   2.1114071e-01   1.7750985e-01   3.7143027e-02
   2.1642830e-01   2.1879315e-01   5.5510220e-02
   2.1642830e-01   2.1879315e-01   5.5510220e-02
   2.2286040e-01   2.5649152e-01   7.6033084e-02
   2.2464165e-01   2.6460406e-01   8.1378955e-02
   2.2464165e-01   2.6460406e-01   8.1378955e-02
   2.3004550e-01   2.8354567e-01   9.6744659e-02
   2.3004550e-01   2.8354567e-01   9.6744659e-02
   2.3084937e-01   2.8567878e-01   9.8924198e-02
   2.3084937e-01   2.8567878e-01   9.8924198e-02
   2.3165338e-01   2.8771112e-01   1.0107739e-01
   2.3245739e-01   2.8970788e-01   1.0320408e-01
   2.3406542e-01   2.9359625e-01   1.0737899e-01
   2.3684736e-01   3.0000000e-01   1.1435994e-01
   2.3684736e-01   3.0000000e-01   1.1435994e-01
   2.4006341e-01   3.0689996e-01   1.2206033e-01
   2.4327946e-01   3.1327594e-01   1.2937951e-01
   2.4971156e-01   3.2455332e-01   1.4293715e-01
   2.6257575e-01   3.4178384e-01   1.6614552e-01
   2.7469212e-01   3.5231398e-01   1.8388478e-01
   2.7469212e-01   3.5231398e-01   1.8388478e-01
   2.9644520e-01   3.5952161e-01   2.0767060e-01
   2.9644520e-01   3.5952161e-01   2.0767060e-01
   3.1819829e-01   3.5422975e-01   2.2541462e-01
   3.3088984e-01   3.4634431e-01   2.3392238e-01
   3.3088984e-01   3.4634431e-01   2.3392238e-01
   3.5264293e-01   3.2605974e-01   2.4439413e-01
   3.7367271e-01   3.0000000e-01   2.4878882e-01
   3.7367271e-01   3.0000000e-01   2.4878882e-01
   3.9501139e-01   2.6938468e-01   2.4751485e-01
   3.9501139e-01   2.6938468e-01   2.4751485e-01
   4.1635007e-01   2.3696115e-01   2.4157456e-01
   4.3768875e-01   2.0477399e-01   2.3248357e-01
   4.4094657e-01   2.0000000e-01   2.3090487e-01
   4.4094657e-01   2.0000000e-01   2.3090487e-01
   4.8362392e-01   1.4386743e-01   2.0768199e-01
   4.9785743e-01   1.2847846e-01   1.9939228e-01
   4.9785743e-01   1.2847846e-01   1.9939228e-01
   5.3015172e-01   1.0000000e-01   1.8040394e-01
   5.3015172e-01   1.0000000e-01   1.8040394e-01
   5.6244600e-01   7.9155093e-02   1.6167030e-01
   5.9474028e-01   6.3802161e-02   1.4353646e-01
   6.5932885e-01   4.3575011e-02   1.0969391e-01
   7.1803253e-01   3.1777374e-02   8.2434957e-02
   7.6563742e-01   2.4539403e-02   6.2700336e-02
   8.0430634e-01   1.9370147e-02   4.8155758e-02
   8.2070944e-01   1.7279756e-02   4.2376598e-02
   8.2070944e-01   1.7279756e-02   4.2376598e-02
   8.5881695e-01   1.4067184e-02   2.9438965e-02
   8.9692447e-01   1.1453625e-02   1.7148231e-02
   9.6791974e-01   7.3084520e-03  -3.1561489e-03
   1.0095132e+00   5.5874262e-03  -1.3070215e-02
   1.0511067e+00   4.0733688e-03  -2.1367009e-02
   1.0860106e+00   3.5793387e-03  -2.7072718e-02
   1.1183776e+00   3.2422689e-03  -3.1362758e-02
   1.1527475e+00   2.7419386e-03  -3.4909122e-02
   1.1720940e+00   2.9290941e-03  -3.6470845e-02
   1.1720940e+00   2.9290941e-03  -3.6470845e-02
   1.2107262e+00   2.7014808e-03  -3.8739425e-02
   1.2466901e+00   2.5766794e-03  -3.9895683e-02
   1.2775743e+00   1.9556856e-03  -4.0199741e-02
   1.3070211e+00   1.4747805e-03  -3.9944039e-02
   1.3410603e+00   1.2454127e-03  -3.9050065e-02
   1.3811583e+00   1.3166206e-03  -3.7281369e-02
   1.4116863e+00   9.7568448e-04  -3.5497771e-02
   1.4422144e+00   7.5230515e-04  -3.3405026e-02
   1.4804975e+00   7.5455828e-04  -3.0436197e-02
   1.5225549e+00   1.4956232e-03  -2.6857625e-02
   1.5472564e+00   5.8473968e-04  -2.4658760e-02
   1.5719579e+00   3.6610097e-04  -2.2418752e-02
   1.6116471e+00   3.7586136e-04  -1.8789396e-02
   1.6497560e+00   4.5397400e-04  -1.5335328e-02
   1.6878650e+00   7.3540429e-04  -1.1973970e-02
   1.6922556e+00   2.7192002e-04  -1.1595077e-02
   1.6922556e+00   2.7192002e-04  -1.1595077e-02
   1.7274482e+00   2.6649804e-04  -8.6154044e-03
   1.7626409e+00   2.7378270e-04  -5.7635090e-03
   1.8042124e+00   7.2431462e-04  -2.6114316e-03
   1.8315746e+00   2.7616970e-04  -6.8852804e-04
   1.8589369e+00   1.2960957e-04   1.0999790e-03
   1.8987224e+00   2.1517269e-04   3.4405453e-03
   1.9346600e+00   2.8050827e-04   5.2773285e-03
   1.9705976e+00   4.0052028e-04   6.8440412e-03
   2.0065891e+00   6.5076337e-04   8.1418810e-03
   2.0390447e+00   5.9254184e-04   9.0832083e-03
   2.0685400e+00   2.8895753e-04   9.7558466e-03
   2.0765700e+00   1.4005699e-05   9.9096900e-03
   2.0765700e+00   1.4005699e-05   9.9096900e-03
   2.0765700e+00   1.4005699e-05   9.9096900e-03
   2.0765700e+00   1.4005699e-05   9.9096900e-03
   2.0769769e+00   1.4384621e-05   9.9171590e-03
   2.0769769e+00   1.4384621e-05   9.9171590e-03
   2.0773839e+00   1.4746950e-05   9.9245968e-03
   2.0777908e+00   1.5093333e-05   9.9320037e-03
   2.0786047e+00   1.5740711e-05   9.9467248e-03
   2.0802324e+00   1.6869811e-05   9.9757965e-03
   2.0834880e+00   1.8575438e-05   1.0032462e-02
   2.0899990e+00   2.0440014e-05   1.0139909e-02
   2.1030211e+00   2.1067905e-05   1.0331517e-02
   2.1290653e+00   1.8911034e-05   1.0623757e-02
   2.1811537e+00   1.1419339e-05   1.0864617e-02
   2.2284608e+00   6.3087686e-06   1.0724030e-02
   2.2284608e+00   6.3087686e-06   1.0724030e-02
   2.2284608e+00   6.3087686e-06   1.0724030e-02
   2.2284608e+00   6.3087686e-06   1.0724030e-02
   2.2284608e+00   6.3087686e-06   1.0724030e-02
   2.2284608e+00   6.3087686e-06   1.0724030e-02
   2.2284608e+00   6.3087686e-06   1.0724030e-02
   2.2284608e+00   6.3087686e-06   1.0724030e-02
   2.2284608e+00   6.3087687e-06   1.0724030e-02
   2.2284608e+00   6.3087687e-06   1.0724030e-02
   2.2284608e+00   6.3087687e-06   1.0724030e-02
   2.2284608e+00   6.3087687e-06   1.0724030e-02
   2.2284608e+00   6.3087687e-06   1.0724030e-02
   2.2284608e+00   6.3087688e-06   1.0724030e-02
   2.2284608e+00   6.3087690e-06   1.0724030e-02
   2.2284608e+00   6.3087693e-06   1.0724030e-02
   2.2284608e+00   6.3087700e-06   1.0724030e-02
   2.2284608e+00   6.3087713e-06   1.0724030e-02
   2.2284608e+00   6.3087739e-06   1.0724030e-02
   2.2284608e+00   6.3087791e-06   1.0724029e-02
   2.2284609e+00   6.3087896e-06   1.0724029e-02
   2.2284609e+00   6.3088106e-06   1.0724029e-02
   2.2284610e+00   6.3088525e-06   1.0724028e-02
   2.2284612e+00   6.3089363e-06   1.0724027e-02
   2.2284616e+00   6.3091040e-06   1.0724025e-02
   2.2284624e+00   6.3094393e-06   1.0724020e-02
   2.2284639e+00   6.3101099e-06   1.0724010e-02
   2.2284671e+00   6.3114506e-06   1.0723991e-02
   2.2284733e+00   6.3141307e-06   1.0723951e-02
   2.2284858e+00   6.3194855e-06   1.0723873e-02
   2.2285108e+00   6.3301729e-06   1.0723716e-02
   2.2285609e+00   6.3514602e-06   1.0723403e-02
   2.2286610e+00   6.3936860e-06   1.0722775e-02
   2.2288611e+00   6.4767583e-06   1.0721515e-02
   2.2292614e+00   6.6375091e-06   1.0718980e-02
   2.2300620e+00   6.9383908e-06   1.0713846e-02
   2.2316632e+00   7.4647817e-06   1.0703326e-02
   2.2348657e+00   8.2654041e-06   1.0681287e-02
   2.2412706e+00   9.1568001e-06   1.0633262e-02
   2.2540803e+00   9.5007229e-06   1.0521855e-02
   2.2796998e+00   8.5731082e-06   1.0241087e-02
   2.3309388e+00   5.3243091e-06   9.4759859e-03
   2.3980430e+00   2.8097233e-06   8.1552014e-03
   2.3980430e+00   2.8097233e-06   8.1552014e-03
   2.3980430e+00   2.8097233e-06   8.1552014e-03
   2.4482977e+00   2.1786684e-06   7.0069221e-03
   2.4482977e+00   2.1786683e-06   7.0069221e-03
   2.4482977e+00   2.1786684e-06   7.0069221e-03
   2.4482977e+00   2.1786684e-06   7.0069221e-03
   2.4482977e+00   2.1786684e-06   7.0069221e-03
   2.4482977e+00   2.1786684e-06   7.0069221e-03
   2.4482977e+00   2.1786684e-06   7.0069221e-03
   2.4482977e+00   2.1786684e-06   7.0069221e-03
   2.4482977e+00   2.1786684e-06   7.0069221e-03
   2.4482977e+00   2.1786684e-06   7.0069221e-03
   2.4482977e+00   2.1786684e-06   7.0069221e-03
   2.4482977e+00   2.1786685e-06   7.0069221e-03
   2.4482977e+00   2.1786686e-06   7.0069220e-03
   2.4482977e+00   2.1786689e-06   7.0069220e-03
   2.4482977e+00   2.1786695e-06   7.0069219e-03
   2.4482977e+00   2.1786707e-06   7.0069217e-03
   2.4482977e+00   2.1786730e-06   7.0069213e-03
   2.4482977e+00   2.1786776e-06   7.0069206e-03
   2.4482978e+00   2.1786869e-06   7.0069191e-03
   2.4482979e+00   2.1787055e-06   7.0069161e-03
   2.4482982e+00   2.1787426e-06   7.0069102e-03
   2.4482987e+00   2.1788168e-06   7.0068983e-03
   2.4482997e+00   2.1789653e-06   7.0068745e-03
   2.4483017e+00   2.1792622e-06   7.0068268e-03
   2.4483057e+00   2.1798559e-06   7.0067316e-03
   2.4483137e+00   2.1810423e-06   7.0065411e-03
   2.4483297e+00   2.1834122e-06   7.0061602e-03
   2.4483618e+00   2.1881394e-06   7.0053982e-03
   2.4484260e+00   2.1975440e-06   7.0038742e-03
   2.4485543e+00   2.2161560e-06   7.0008259e-03
   2.4488109e+00   2.2526016e-06   6.9947279e-03
   2.4493242e+00   2.3224692e-06   6.9825261e-03
   2.4503507e+00   2.4507907e-06   6.9580998e-03
   2.4524037e+00   2.6667493e-06   6.9091585e-03
   2.4565097e+00   2.9691065e-06   6.8109331e-03
   2.4647218e+00   3.2421297e-06   6.6132093e-03
   2.4811460e+00   3.2242490e-06   6.2134447e-03
   2.5139944e+00   2.7156113e-06   5.4026214e-03
   2.5610035e+00   1.2025738e-06   4.2377106e-03
   2.5610035e+00   1.2025738e-06   4.2377106e-03
   2.5610035e+00   1.2025738e-06   4.2377106e-03
   2.5610035e+00   1.2025738e-06   4.2377106e-03
   2.5610035e+00   1.2025738e-06   4.2377106e-03
   2.5610035e+00   1.2025738e-06   4.2377106e-03
   2.5610035e+00   1.2025738e-06   4.2377106e-03
   2.5610035e+00   1.2025738e-06   4.2377106e-03
   2.5610035e+00   1.2025738e-06   4.2377106e-03
   2.5610035e+00   1.2025738e-06   4.2377106e-03
   2.5610035e+00   1.2025738e-06   4.2377106e-03
   2.5610035e+00   1.2025738e-06   4.2377106e-03
   2.5610035e+00   1.2025738e-06   4.2377106e-03
   2.5610035e+00   1.2025738e-06   4.2377106e-03
   2.5610035e+00   1.2025738e-06   4.2377106e-03
   2.5610035e+00   1.2025738e-06   4.2377106e-03
   2.5610035e+00   1.2025738e-06   4.2377106e-03
   2.5610035e+00   1.2025738e-06   4.2377106e-03
   2.5610035e+00   1.2025739e-06   4.2377105e-03
   2.5610035e+00   1.2025740e-06   4.2377105e-03
   2.5610035e+00   1.2025742e-06   4.2377104e-03
   2.5610036e+00   1.2025747e-06   4.2377103e-03
   2.5610036e+00   1.2025755e-06   4.2377100e-03
   2.5610036e+00   1.2025773e-06   4.2377095e-03
   2.5610036e+00   1.2025808e-06   4.2377085e-03
   2.5610037e+00   1.2025879e-06   4.2377063e-03
   2.5610039e+00   1.2026019e-06   4.2377021e-03
   2.5610042e+00   1.2026301e-06   4.2376936e-03
   2.5610049e+00   1.2026865e-06   4.2376766e-03
   2.5610063e+00   1.2027992e-06   4.2376427e-03
   2.5610091e+00   1.2030245e-06   4.2375748e-03
   2.5610146e+00   1.2034749e-06   4.2374390e-03
   2.5610256e+00   1.2043750e-06   4.2371674e-03
   2.5610476e+00   1.2061719e-06   4.2366243e-03
   2.5610918e+00   1.2097526e-06   4.2355381e-03
   2.5611800e+00   1.2168623e-06   4.2333657e-03
   2.5613564e+00   1.2308770e-06   4.2290211e-03
   2.5617093e+00   1.2581028e-06   4.2203331e-03
   2.5624150e+00   1.3094670e-06   4.2029613e-03
   2.5638264e+00   1.4007889e-06   4.1682357e-03
   2.5666493e+00   1.5444692e-06   4.0988584e-03
   2.5722950e+00   1.7176258e-06   3.9604234e-03
   2.5835865e+00   1.8142129e-06   3.6850144e-03
   2.5991925e+00   1.7502363e-06   3.3082180e-03
   2.5991925e+00   1.7502363e-06   3.3082180e-03
   2.6217755e+00   1.5684892e-06   2.7720923e-03
   2.6443585e+00   1.3950622e-06   2.2489252e-03
   2.6895245e+00   1.0960930e-06   1.2524699e-03
   2.7515102e+00   4.4042902e-07   2.1661971e-05
   2.7515102e+00   4.4042902e-07   2.1661971e-05
   2.7515102e+00   4.4042902e-07   2.1661971e-05
   2.7515102e+00   4.4042902e-07   2.1661971e-05
   2.7515102e+00   4.4042902e-07   2.1661971e-05
   2.7515102e+00   4.4042902e-07   2.1661971e-05
   2.7515102e+00   4.4042902e-07   2.1661971e-05
   2.7515102e+00   4.4042902e-07   2.1661971e-05
   2.7515102e+00   4.4042903e-07   2.1661970e-05
   2.7515102e+00   4.4042903e-07   2.1661970e-05
   2.7515102e+00   4.4042903e-07   2.1661969e-05
   2.7515102e+00   4.4042903e-07   2.1661966e-05
   2.7515102e+00   4.4042904e-07   2.1661961e-05
   2.7515102e+00   4.4042906e-07   2.1661952e-05
   2.7515102e+00   4.4042909e-07   2.1661933e-05
   2.7515102e+00   4.4042915e-07   2.1661895e-05
   2.7515102e+00   4.4042927e-07   2.1661819e-05
   2.7515102e+00   4.4042952e-07   2.1661667e-05
   2.7515102e+00   4.4043001e-07   2.1661364e-05
   2.7515102e+00   4.4043100e-07   2.1660757e-05
   2.7515103e+00   4.4043298e-07   2.1659543e-05
   2.7515104e+00   4.4043693e-07   2.1657114e-05
   2.7515107e+00   4.4044484e-07   2.1652257e-05
   2.7515112e+00   4.4046065e-07   2.1642543e-05
   2.7515123e+00   4.4049226e-07   2.1623116e-05
   2.7515144e+00   4.4055549e-07   2.1584261e-05
   2.7515186e+00   4.4068189e-07   2.1506551e-05
   2.7515270e+00   4.4093452e-07   2.1351135e-05
   2.7515439e+00   4.4143908e-07   2.1040314e-05
   2.7515777e+00   4.4244540e-07   2.0418713e-05
   2.7516453e+00   4.4444690e-07   1.9175682e-05
   2.7517805e+00   4.4840565e-07   1.6690304e-05
   2.7520508e+00   4.5614888e-07   1.1722277e-05
   2.7525914e+00   4.7095923e-07   1.7971554e-06
   2.7536726e+00   4.9803560e-07  -1.8009297e-05
   2.7558351e+00   5.4317402e-07  -5.7445923e-05
   2.7601600e+00   6.0508354e-07  -1.3561058e-04
   2.7688098e+00   6.5791107e-07  -2.8907465e-04
   2.7861095e+00   6.4778329e-07  -5.8431393e-04
   2.8207088e+00   5.3654896e-07  -1.1265060e-03
   2.8689425e+00   2.3712304e-07  -1.7710246e-03
   2.8689425e+00   2.3712304e-07  -1.7710246e-03
   2.8689425e+00   2.3712304e-07  -1.7710246e-03
   2.8689425e+00   2.3712304e-07  -1.7710246e-03
   2.8689425e+00   2.3712304e-07  -1.7710246e-03
   2.8689425e+00   2.3712304e-07  -1.7710246e-03
   2.8689425e+00   2.3712304e-07  -1.7710246e-03
   2.8689425e+00   2.3712304e-07  -1.7710246e-03
   2.8689425e+00   2.3712304e-07  -1.7710246e-03
   2.8689425e+00   2.3712304e-07  -1.7710246e-03
   2.8689425e+00   2.3712304e-07  -1.7710246e-03
   2.8689425e+00   2.3712304e-07  -1.7710246e-03
   2.8689425e+00   2.3712304e-07  -1.7710246e-03
   2.8689425e+00   2.3712304e-07  -1.7710246e-03
   2.8689425e+00   2.3712304e-07  -1.7710246e-03
   2.8689425e+00   2.3712304e-07  -1.7710246e-03
   2.8689425e+00   2.3712304e-07  -1.7710246e-03
   2.8689425e+00   2.3712305e-07  -1.7710246e-03
   2.8689425e+00   2.3712306e-07  -1.7710246e-03
   2.8689425e+00   2.3712308e-07  -1.7710247e-03
   2.8689425e+00   2.3712313e-07  -1.7710247e-03
   2.8689425e+00   2.3712322e-07  -1.7710248e-03
   2.8689425e+00   2.3712340e-07  -1.7710249e-03
   2.8689426e+00   2.3712376e-07  -1.7710252e-03
   2.8689426e+00   2.3712448e-07  -1.7710257e-03
   2.8689427e+00   2.3712592e-07  -1.7710268e-03
   2.8689429e+00   2.3712880e-07  -1.7710289e-03
   2.8689432e+00   2.3713457e-07  -1.7710332e-03
   2.8689439e+00   2.3714610e-07  -1.7710418e-03
   2.8689454e+00   2.3716916e-07  -1.7710589e-03
   2.8689482e+00   2.3721527e-07  -1.7710933e-03
   2.8689540e+00   2.3730745e-07  -1.7711619e-03
   2.8689654e+00   2.3749163e-07  -1.7712992e-03
   2.8689883e+00   2.3785930e-07  -1.7715736e-03
   2.8690341e+00   2.3859188e-07  -1.7721225e-03
   2.8691256e+00   2.4004606e-07  -1.7732200e-03
   2.8693087e+00   2.4291092e-07  -1.7754134e-03
   2.8696749e+00   2.4847030e-07  -1.7797945e-03
   2.8704074e+00   2.5893523e-07  -1.7885339e-03
   2.8718722e+00   2.7745700e-07  -1.8059208e-03
   2.8748019e+00   3.0632271e-07  -1.8403277e-03
   2.8806613e+00   3.4035652e-07  -1.9076734e-03
   2.8923800e+00   3.5770718e-07  -2.0364933e-03
   2.9158175e+00   3.2985255e-07  -2.2707044e-03
   2.9626925e+00   2.3322400e-07  -2.6465951e-03
   2.9928704e+00   1.7946731e-05  -2.8250588e-03
   2.9928704e+00   1.7946731e-05  -2.8250588e-03
   3.0386690e+00   1.1563271e-04  -3.0057605e-03
   3.0844676e+00   8.9923589e-04  -3.0850592e-03
   3.1079930e+00   1.6428392e-04  -3.0894529e-03
   3.1315184e+00   2.9750470e-05  -3.0710790e-03
   3.1735343e+00   1.1715492e-04  -2.9865098e-03
   3.2102445e+00   1.9710626e-04  -2.8644767e-03
   3.2469548e+00   3.4932679e-04  -2.7042407e-03
   3.2840142e+00   7.4477329e-04  -2.5103006e-03
   3.3163386e+00   7.0331207e-04  -2.3198694e-03
   3.3444745e+00   2.5627909e-04  -2.1414718e-03
   3.3744025e+00   1.2448916e-04  -1.9420212e-03
   3.4112748e+00   2.1339666e-04  -1.6870655e-03
   3.4524031e+00   8.6352385e-04  -1.3969350e-03
   3.4782784e+00   2.1089783e-04  -1.2143148e-03
   3.5041537e+00   5.1343601e-05  -1.0335318e-03
   3.5086915e+00   2.7797679e-07  -1.0021277e-03
   3.5086915e+00   2.7797679e-07  -1.0021277e-03
   3.5086915e+00   2.7797679e-07  -1.0021277e-03
   3.5086915e+00   2.7797679e-07  -1.0021277e-03
   3.5086915e+00   2.7797680e-07  -1.0021277e-03
   3.5086915e+00   2.7797680e-07  -1.0021277e-03
   3.5086915e+00   2.7797680e-07  -1.0021277e-03
   3.5086915e+00   2.7797680e-07  -1.0021277e-03
   3.5086915e+00   2.7797680e-07  -1.0021277e-03
   3.5086915e+00   2.7797681e-07  -1.0021277e-03
   3.5086915e+00   2.7797682e-07  -1.0021277e-03
   3.5086915e+00   2.7797684e-07  -1.0021277e-03
   3.5086915e+00   2.7797689e-07  -1.0021276e-03
   3.5086915e+00   2.7797698e-07  -1.0021276e-03
   3.5086915e+00   2.7797717e-07  -1.0021275e-03
   3.5086915e+00   2.7797755e-07  -1.0021274e-03
   3.5086916e+00   2.7797830e-07  -1.0021271e-03
   3.5086916e+00   2.7797980e-07  -1.0021266e-03
   3.5086918e+00   2.7798281e-07  -1.0021255e-03
   3.5086921e+00   2.7798882e-07  -1.0021233e-03
   3.5086927e+00   2.7800084e-07  -1.0021189e-03
   3.5086940e+00   2.7802488e-07  -1.0021101e-03
   3.5086966e+00   2.7807295e-07  -1.0020925e-03
   3.5087017e+00   2.7816904e-07  -1.0020574e-03
   3.5087118e+00   2.7836108e-07  -1.0019871e-03
   3.5087322e+00   2.7874451e-07  -1.0018465e-03
   3.5087729e+00   2.7950880e-07  -1.0015652e-03
   3.5088543e+00   2.8102720e-07  -1.0010028e-03
   3.5090171e+00   2.8402359e-07  -9.9987811e-04
   3.5093428e+00   2.8985774e-07  -9.9762911e-04
   3.5099940e+00   3.0091440e-07  -9.9313280e-04
   3.5112966e+00   3.2075445e-07  -9.8414707e-04
   3.5139018e+00   3.5257534e-07  -9.6620370e-04
   3.5156781e+00   3.6927847e-07  -9.5399057e-04
   3.5156781e+00   3.6927847e-07  -9.5399057e-04
   3.5208884e+00   4.0105429e-07  -9.1827319e-04
   3.5260987e+00   4.1542874e-07  -8.8271885e-04
   3.5365193e+00   4.1724914e-07  -8.1214203e-04
   3.5573604e+00   3.8475096e-07  -6.7340313e-04
   3.5990426e+00   3.0187663e-07  -4.0770081e-04
   3.6548972e+00   1.2859381e-07  -8.2428174e-05
   3.6548972e+00   1.2859381e-07  -8.2428174e-05
   3.6548972e+00   1.2859381e-07  -8.2428174e-05
   3.6548972e+00   1.2859381e-07  -8.2428174e-05
   3.6548972e+00   1.2859381e-07  -8.2428174e-05
   3.6548972e+00   1.2859381e-07  -8.2428174e-05
   3.6548972e+00   1.2859381e-07  -8.2428174e-05
   3.6548972e+00   1.2859381e-07  -8.2428174e-05
   3.6548972e+00   1.2859381e-07  -8.2428173e-05
   3.6548972e+00   1.2859381e-07  -8.2428173e-05
   3.6548972e+00   1.2859382e-07  -8.2428171e-05
   3.6548972e+00   1.2859382e-07  -8.2428169e-05
   3.6548972e+00   1.2859383e-07  -8.2428164e-05
   3.6548972e+00   1.2859384e-07  -8.2428154e-05
   3.6548972e+00   1.2859388e-07  -8.2428134e-05
   3.6548972e+00   1.2859394e-07  -8.2428094e-05
   3.6548973e+00   1.2859407e-07  -8.2428014e-05
   3.6548973e+00   1.2859433e-07  -8.2427854e-05
   3.6548973e+00   1.2859484e-07  -8.2427533e-05
   3.6548975e+00   1.2859586e-07  -8.2426893e-05
   3.6548977e+00   1.2859791e-07  -8.2425612e-05
   3.6548982e+00   1.2860201e-07  -8.2423050e-05
   3.6548991e+00   1.2861021e-07  -8.2417927e-05
   3.6549010e+00   1.2862660e-07  -8.2407680e-05
   3.6549047e+00   1.2865938e-07  -8.2387187e-05
   3.6549122e+00   1.2872489e-07  -8.2346201e-05
   3.6549272e+00   1.2885576e-07  -8.2264230e-05
   3.6549572e+00   1.2911685e-07  -8.2100299e-05
   3.6550173e+00   1.2963645e-07  -8.1772473e-05
   3.6551373e+00   1.3066546e-07  -8.1116969e-05
   3.6553773e+00   1.3268321e-07  -7.9806551e-05
   3.6558574e+00   1.3656195e-07  -7.7188077e-05
   3.6568176e+00   1.4372555e-07  -7.1960592e-05
   3.6587379e+00   1.5592013e-07  -6.1543587e-05
   3.6625786e+00   1.7341932e-07  -4.0862334e-05
   3.6702600e+00   1.9028356e-07  -1.1784405e-07
   3.6856227e+00   1.9157236e-07   7.8846423e-05
   3.7163482e+00   1.6461995e-07   2.2629751e-04
   3.7627405e+00   7.2824250e-08   4.2124388e-04
   3.7627405e+00   7.2824250e-08   4.2124388e-04
   3.7627405e+00   7.2824250e-08   4.2124388e-04
   3.8048324e+00   5.8332207e-08   5.6829568e-04
   3.8048324e+00   5.8332207e-08   5.6829568e-04
   3.8048324e+00   5.8332207e-08   5.6829568e-04
   3.8048324e+00   5.8332207e-08   5.6829568e-04
   3.8048324e+00   5.8332207e-08   5.6829568e-04
   3.8048324e+00   5.8332207e-08   5.6829568e-04
   3.8048324e+00   5.8332207e-08   5.6829568e-04
   3.8048324e+00   5.8332207e-08   5.6829568e-04
   3.8048324e+00   5.8332208e-08   5.6829568e-04
   3.8048324e+00   5.8332209e-08   5.6829568e-04
   3.8048324e+00   5.8332211e-08   5.6829569e-04
   3.8048324e+00   5.8332214e-08   5.6829569e-04
   3.8048324e+00   5.8332222e-08   5.6829569e-04
   3.8048324e+00   5.8332236e-08   5.6829571e-04
   3.8048324e+00   5.8332266e-08   5.6829573e-04
   3.8048324e+00   5.8332324e-08   5.6829578e-04
   3.8048324e+00   5.8332441e-08   5.6829587e-04
   3.8048325e+00   5.8332675e-08   5.6829606e-04
   3.8048326e+00   5.8333144e-08   5.6829643e-04
   3.8048328e+00   5.8334080e-08   5.6829717e-04
   3.8048333e+00   5.8335954e-08   5.6829866e-04
   3.8048343e+00   5.8339700e-08   5.6830164e-04
   3.8048361e+00   5.8347191e-08   5.6830760e-04
   3.8048399e+00   5.8362169e-08   5.6831951e-04
   3.8048475e+00   5.8392106e-08   5.6834333e-04
   3.8048626e+00   5.8451907e-08   5.6839097e-04
   3.8048928e+00   5.8571211e-08   5.6848625e-04
   3.8049533e+00   5.8808637e-08   5.6867675e-04
   3.8050742e+00   5.9278791e-08   5.6905759e-04
   3.8053160e+00   6.0200566e-08   5.6981854e-04
   3.8057996e+00   6.1971988e-08   5.7133760e-04
   3.8067669e+00   6.5241655e-08   5.7436436e-04
   3.8087014e+00   7.0800815e-08   5.8037238e-04
   3.8125705e+00   7.8757299e-08   5.9220650e-04
   3.8203086e+00   8.6373107e-08   6.1514768e-04
   3.8357848e+00   8.6843168e-08   6.5812886e-04
   3.8667373e+00   7.4465390e-08   7.3258156e-04
   3.9118978e+00   4.1023705e-08   8.1431005e-04
   3.9118978e+00   4.1023705e-08   8.1431005e-04
   3.9543354e+00   2.6519977e-08   8.6332717e-04
   3.9543354e+00   2.6519977e-08   8.6332717e-04
   3.9543354e+00   2.6519977e-08   8.6332717e-04
   3.9543354e+00   2.6519977e-08   8.6332717e-04
   3.9543354e+00   2.6519977e-08   8.6332717e-04
   3.9543354e+00   2.6519977e-08   8.6332717e-04
   3.9543354e+00   2.6519977e-08   8.6332717e-04
   3.9543354e+00   2.6519977e-08   8.6332717e-04
   3.9543354e+00   2.6519977e-08   8.6332717e-04
   3.9543354e+00   2.6519977e-08   8.6332717e-04
   3.9543354e+00   2.6519977e-08   8.6332717e-04
   3.9543354e+00   2.6519977e-08   8.6332717e-04
   3.9543354e+00   2.6519978e-08   8.6332717e-04
   3.9543354e+00   2.6519978e-08   8.6332717e-04
   3.9543354e+00   2.6519980e-08   8.6332717e-04
   3.9543354e+00   2.6519982e-08   8.6332717e-04
   3.9543354e+00   2.6519988e-08   8.6332717e-04
   3.9543354e+00   2.6519999e-08   8.6332718e-04
   3.9543355e+00   2.6520022e-08   8.6332719e-04
   3.9543355e+00   2.6520067e-08   8.6332721e-04
   3.9543355e+00   2.6520157e-08   8.6332725e-04
   3.9543356e+00   2.6520338e-08   8.6332734e-04
   3.9543358e+00   2.6520699e-08   8.6332751e-04
   3.9543362e+00   2.6521422e-08   8.6332785e-04
   3.9543370e+00   2.6522866e-08   8.6332853e-04
   3.9543386e+00   2.6525755e-08   8.6332989e-04
   3.9543418e+00   2.6531531e-08   8.6333262e-04
   3.9543483e+00   2.6543077e-08   8.6333808e-04
   3.9543611e+00   2.6566145e-08   8.6334899e-04
   3.9543867e+00   2.6612185e-08   8.6337081e-04
   3.9544380e+00   2.6703876e-08   8.6341442e-04
   3.9545405e+00   2.6885719e-08   8.6350153e-04
   3.9547456e+00   2.7243318e-08   8.6367532e-04
   3.9551558e+00   2.7934729e-08   8.6402113e-04
   3.9559762e+00   2.9226715e-08   8.6470571e-04
   3.9576170e+00   3.1479381e-08   8.6604681e-04
   3.9608986e+00   3.4881150e-08   8.6861714e-04
   3.9674618e+00   3.8604139e-08   8.7331366e-04
   3.9805882e+00   3.9903507e-08   8.8095723e-04
   4.0068409e+00   3.5785086e-08   8.8947427e-04
   4.0593464e+00   2.0927069e-08   8.8139401e-04
   4.1279358e+00   1.0626050e-08   8.2730322e-04
   4.1279358e+00   1.0626050e-08   8.2730322e-04
   4.1279358e+00   1.0626050e-08   8.2730322e-04
   4.1279358e+00   1.0626050e-08   8.2730322e-04
   4.1279358e+00   1.0626050e-08   8.2730322e-04
   4.1279358e+00   1.0626050e-08   8.2730322e-04
   4.1279358e+00   1.0626050e-08   8.2730322e-04
   4.1279358e+00   1.0626050e-08   8.2730322e-04
   4.1279358e+00   1.0626051e-08   8.2730321e-04
   4.1279358e+00   1.0626052e-08   8.2730321e-04
   4.1279358e+00   1.0626055e-08   8.2730321e-04
   4.1279358e+00   1.0626060e-08   8.2730320e-04
   4.1279359e+00   1.0626070e-08   8.2730319e-04
   4.1279359e+00   1.0626090e-08   8.2730316e-04
   4.1279359e+00   1.0626129e-08   8.2730310e-04
   4.1279361e+00   1.0626209e-08   8.2730297e-04
   4.1279363e+00   1.0626368e-08   8.2730273e-04
   4.1279367e+00   1.0626687e-08   8.2730225e-04
   4.1279376e+00   1.0627323e-08   8.2730128e-04
   4.1279394e+00   1.0628597e-08   8.2729934e-04
   4.1279429e+00   1.0631143e-08   8.2729547e-04
   4.1279499e+00   1.0636232e-08   8.2728772e-04
   4.1279640e+00   1.0646399e-08   8.2727223e-04
   4.1279922e+00   1.0666685e-08   8.2724123e-04
   4.1280487e+00   1.0707070e-08   8.2717922e-04
   4.1281615e+00   1.0787093e-08   8.2705512e-04
   4.1283871e+00   1.0944195e-08   8.2680661e-04
   4.1288384e+00   1.1246917e-08   8.2630834e-04
   4.1297410e+00   1.1808715e-08   8.2530680e-04
   4.1315461e+00   1.2774573e-08   8.2328389e-04
   4.1351564e+00   1.4190231e-08   8.1915943e-04
   4.1423770e+00   1.5630087e-08   8.1060209e-04
   4.1568181e+00   1.5906912e-08   7.9230267e-04
   4.1857004e+00   1.3909567e-08   7.5135623e-04
   4.2332009e+00   6.1000258e-09   6.7343293e-04
   4.2332009e+00   6.1000258e-09   6.7343293e-04
   4.2332009e+00   6.1000258e-09   6.7343293e-04
   4.2332009e+00   6.1000258e-09   6.7343293e-04
   4.2332009e+00   6.1000259e-09   6.7343293e-04
   4.2332009e+00   6.1000260e-09   6.7343293e-04
   4.2332009e+00   6.1000261e-09   6.7343293e-04
   4.2332009e+00   6.1000263e-09   6.7343293e-04
   4.2332009e+00   6.1000267e-09   6.7343293e-04
   4.2332009e+00   6.1000276e-09   6.7343293e-04
   4.2332009e+00   6.1000294e-09   6.7343292e-04
   4.2332010e+00   6.1000330e-09   6.7343290e-04
   4.2332010e+00   6.1000401e-09   6.7343287e-04
   4.2332010e+00   6.1000543e-09   6.7343281e-04
   4.2332011e+00   6.1000827e-09   6.7343269e-04
   4.2332012e+00   6.1001395e-09   6.7343245e-04
   4.2332015e+00   6.1002532e-09   6.7343197e-04
   4.2332020e+00   6.1004806e-09   6.7343101e-04
   4.2332031e+00   6.1009354e-09   6.7342908e-04
   4.2332053e+00   6.1018447e-09   6.7342523e-04
   4.2332097e+00   6.1036626e-09   6.7341752e-04
   4.2332185e+00   6.1072960e-09   6.7340211e-04
   4.2332360e+00   6.1145521e-09   6.7337128e-04
   4.2332711e+00   6.1290227e-09   6.7330963e-04
   4.2333413e+00   6.1577973e-09   6.7318630e-04
   4.2334816e+00   6.2146862e-09   6.7293958e-04
   4.2337623e+00   6.3258641e-09   6.7244589e-04
   4.2343237e+00   6.5381455e-09   6.7145749e-04
   4.2354465e+00   6.9248846e-09   6.6947663e-04
   4.2376921e+00   7.5649732e-09   6.6549886e-04
   4.2421832e+00   8.4291453e-09   6.5748050e-04
   4.2511655e+00   9.1341505e-09   6.4120384e-04
   4.2691301e+00   8.9265498e-09   6.0777891e-04
   4.3050593e+00   7.2987465e-09   5.3813230e-04
   4.3544733e+00   3.2183689e-09   4.3861026e-04
   4.3544733e+00   3.2183689e-09   4.3861026e-04
   4.3544733e+00   3.2183690e-09   4.3861026e-04
   4.3544733e+00   3.2183690e-09   4.3861026e-04
   4.3544733e+00   3.2183690e-09   4.3861026e-04
   4.3544733e+00   3.2183691e-09   4.3861026e-04
   4.3544733e+00   3.2183692e-09   4.3861026e-04
   4.3544733e+00   3.2183694e-09   4.3861026e-04
   4.3544733e+00   3.2183699e-09   4.3861025e-04
   4.3544733e+00   3.2183708e-09   4.3861024e-04
   4.3544733e+00   3.2183725e-09   4.3861023e-04
   4.3544733e+00   3.2183761e-09   4.3861019e-04
   4.3544734e+00   3.2183832e-09   4.3861013e-04
   4.3544734e+00   3.2183975e-09   4.3861000e-04
   4.3544736e+00   3.2184260e-09   4.3860973e-04
   4.3544738e+00   3.2184829e-09   4.3860920e-04
   4.3544743e+00   3.2185969e-09   4.3860814e-04
   4.3544754e+00   3.2188248e-09   4.3860602e-04
   4.3544775e+00   3.2192805e-09   4.3860178e-04
   4.3544816e+00   3.2201915e-09   4.3859330e-04
   4.3544900e+00   3.2220124e-09   4.3857633e-04
   4.3545066e+00   3.2256491e-09   4.3854240e-04
   4.3545399e+00   3.2329027e-09   4.3847455e-04
   4.3546066e+00   3.2473306e-09   4.3833883e-04
   4.3547399e+00   3.2758719e-09   4.3806739e-04
   4.3550065e+00   3.3317150e-09   4.3752450e-04
   4.3555397e+00   3.4385907e-09   4.3643862e-04
   4.3566062e+00   3.6342247e-09   4.3426656e-04
   4.3587391e+00   3.9611980e-09   4.2992127e-04
   4.3630048e+00   4.4121660e-09   4.2122703e-04
   4.3715363e+00   4.8030094e-09   4.0383151e-04
   4.3885993e+00   4.7417672e-09   3.6907186e-04
   4.4227254e+00   3.9454118e-09   3.0013285e-04
   4.4348757e+00   7.9214230e-09   2.7592130e-04
   4.4348757e+00   7.9214230e-09   2.7592130e-04
   4.5031278e+00   3.3643173e-07   1.4544821e-04
   4.5713798e+00   2.7067699e-05   2.8591331e-05
   4.6019655e+00   1.4218090e-05  -1.8129414e-05
   4.6325511e+00   7.4538611e-06  -6.0932397e-05
   4.6987943e+00   5.2617312e-04  -1.3930757e-04
   4.7197987e+00   8.9150233e-05  -1.5992736e-04
   4.7408031e+00   1.4953128e-05  -1.7848729e-04
   4.7891078e+00   1.4192181e-04  -2.1340881e-04
   4.8215670e+00   1.0856510e-04  -2.3092305e-04
   4.8283248e+00   4.0485751e-06  -2.3398408e-04
   4.8283248e+00   4.0485751e-06  -2.3398408e-04
   4.8318277e+00   1.9020548e-06  -2.3549272e-04
   4.8318277e+00   1.9020548e-06  -2.3549272e-04
   4.8353305e+00   1.3306230e-06  -2.3694843e-04
   4.8388334e+00   9.3086463e-07  -2.3835148e-04
   4.8458391e+00   4.5561276e-07  -2.4100064e-04
   4.8543159e+00   1.8917024e-07  -2.4392895e-04
   4.8543159e+00   1.8917024e-07  -2.4392895e-04
   4.8581160e+00   1.1523846e-07  -2.4514419e-04
   4.8581160e+00   1.1523846e-07  -2.4514419e-04
   4.8619162e+00   4.0459468e-08  -2.4629959e-04
   4.8639642e+00   3.2600181e-19  -2.4689759e-04
   4.8639642e+00  -7.9738093e-19  -2.4689759e-04
   4.8677643e+00  -6.2180569e-08  -2.4796165e-04
   4.8715644e+00  -1.0400167e-07  -2.4896687e-04
   4.8728213e+00  -1.1449793e-07  -2.4928647e-04
   4.8728213e+00  -1.1449793e-07  -2.4928647e-04
   4.8804215e+00  -1.5414492e-07  -2.5108365e-04
   4.8880218e+00  -1.6925730e-07  -2.5265094e-04
   4.9032222e+00  -1.7072899e-07  -2.5510980e-04
   4.9336232e+00  -1.4715965e-07  -2.5742746e-04
   4.9800551e+00  -6.5050260e-08  -2.5477000e-04
   4.9800551e+00  -6.5050260e-08  -2.5477000e-04
   4.9800551e+00  -6.5050260e-08  -2.5477000e-04
   4.9800551e+00  -6.5050260e-08  -2.5477000e-04
   4.9800551e+00  -6.5050260e-08  -2.5477000e-04
   4.9800551e+00  -6.5050260e-08  -2.5477000e-04
   4.9800551e+00  -6.5050260e-08  -2.5477000e-04
   4.9800551e+00  -6.5050260e-08  -2.5477000e-04
   4.9800551e+00  -6.5050260e-08  -2.5477000e-04
   4.9800551e+00  -6.5050260e-08  -2.5477000e-04
   4.9800551e+00  -6.5050260e-08  -2.5477000e-04
   4.9800551e+00  -6.5050260e-08  -2.5477000e-04
   4.9800551e+00  -6.5050260e-08  -2.5477000e-04
   4.9800551e+00  -6.5050260e-08  -2.5477000e-04
   4.9800551e+00  -6.5050260e-08  -2.5477000e-04
   4.9800551e+00  -6.5050260e-08  -2.5477000e-04
   4.9800551e+00  -6.5050261e-08  -2.5477000e-04
   4.9800551e+00  -6.5050262e-08  -2.5477000e-04
   4.9800551e+00  -6.5050264e-08  -2.5477000e-04
   4.9800551e+00  -6.5050268e-08  -2.5477000e-04
   4.9800551e+00  -6.5050276e-08  -2.5477000e-04
   4.9800551e+00  -6.5050293e-08  -2.5477000e-04
   4.9800551e+00  -6.5050326e-08  -2.5477000e-04
   4.9800552e+00  -6.5050392e-08  -2.5477000e-04
   4.9800552e+00  -6.5050524e-08  -2.5477000e-04
   4.9800553e+00  -6.5050787e-08  -2.5476999e-04
   4.9800554e+00  -6.5051315e-08  -2.5476997e-04
   4.9800556e+00  -6.5052369e-08  -2.5476994e-04
   4.9800561e+00  -6.5054478e-08  -2.5476988e-04
   4.9800570e+00  -6.5058696e-08  -2.5476975e-04
   4.9800589e+00  -6.5067130e-08  -2.5476950e-04
   4.9800628e+00  -6.5083994e-08  -2.5476900e-04
   4.9800704e+00  -6.5117700e-08  -2.5476799e-04
   4.9800857e+00  -6.5185026e-08  -2.5476597e-04
   4.9801162e+00  -6.5319343e-08  -2.5476193e-04
   4.9801772e+00  -6.5586633e-08  -2.5475384e-04
   4.9802993e+00  -6.6115873e-08  -2.5473763e-04
   4.9805434e+00  -6.7153292e-08  -2.5470507e-04
   4.9810317e+00  -6.9146184e-08  -2.5463941e-04
   4.9820083e+00  -7.2821769e-08  -2.5450590e-04
   4.9839614e+00  -7.9061082e-08  -2.5423013e-04
   4.9878676e+00  -8.7960341e-08  -2.5364390e-04
   4.9956801e+00  -9.6402476e-08  -2.5233481e-04
   5.0113051e+00  -9.6759509e-08  -2.4918729e-04
   5.0425551e+00  -8.2735628e-08  -2.4091388e-04
   5.0889727e+00  -3.6630664e-08  -2.2434953e-04
   5.0889727e+00  -3.6630664e-08  -2.2434953e-04
   5.0889727e+00  -3.6630664e-08  -2.2434953e-04
   5.0889727e+00  -3.6630664e-08  -2.2434953e-04
   5.0889727e+00  -3.6630664e-08  -2.2434953e-04
   5.0889727e+00  -3.6630665e-08  -2.2434953e-04
   5.0889727e+00  -3.6630665e-08  -2.2434953e-04
   5.0889727e+00  -3.6630665e-08  -2.2434953e-04
   5.0889727e+00  -3.6630665e-08  -2.2434953e-04
   5.0889727e+00  -3.6630666e-08  -2.2434953e-04
   5.0889727e+00  -3.6630668e-08  -2.2434953e-04
   5.0889727e+00  -3.6630672e-08  -2.2434953e-04
   5.0889727e+00  -3.6630679e-08  -2.2434953e-04
   5.0889727e+00  -3.6630693e-08  -2.2434953e-04
   5.0889727e+00  -3.6630721e-08  -2.2434952e-04
   5.0889728e+00  -3.6630778e-08  -2.2434951e-04
   5.0889728e+00  -3.6630892e-08  -2.2434950e-04
   5.0889729e+00  -3.6631120e-08  -2.2434946e-04
   5.0889731e+00  -3.6631575e-08  -2.2434938e-04
   5.0889735e+00  -3.6632486e-08  -2.2434924e-04
   5.0889742e+00  -3.6634307e-08  -2.2434894e-04
   5.0889757e+00  -3.6637949e-08  -2.2434835e-04
   5.0889786e+00  -3.6645232e-08  -2.2434716e-04
   5.0889844e+00  -3.6659790e-08  -2.2434479e-04
   5.0889961e+00  -3.6688877e-08  -2.2434004e-04
   5.0890195e+00  -3.6746942e-08  -2.2433055e-04
   5.0890663e+00  -3.6862624e-08  -2.2431157e-04
   5.0891599e+00  -3.7092216e-08  -2.2427359e-04
   5.0893471e+00  -3.7544380e-08  -2.2419758e-04
   5.0897215e+00  -3.8421226e-08  -2.2404536e-04
   5.0904704e+00  -4.0069542e-08  -2.2374011e-04
   5.0919680e+00  -4.2978758e-08  -2.2312639e-04
   5.0949632e+00  -4.7486287e-08  -2.2188621e-04
   5.1009537e+00  -5.2729067e-08  -2.1935593e-04
   5.1129347e+00  -5.5246698e-08  -2.1410359e-04
   5.1368968e+00  -5.0676542e-08  -2.0289551e-04
   5.1848208e+00  -3.4988626e-08  -1.7816675e-04
   5.2478748e+00  -1.5849564e-08  -1.4250794e-04
   5.2478748e+00  -1.5849564e-08  -1.4250794e-04
   5.2478748e+00  -1.5849564e-08  -1.4250794e-04
   5.2478748e+00  -1.5849564e-08  -1.4250794e-04
   5.2478748e+00  -1.5849564e-08  -1.4250794e-04
   5.2478748e+00  -1.5849564e-08  -1.4250794e-04
   5.2478748e+00  -1.5849564e-08  -1.4250794e-04
   5.2478748e+00  -1.5849564e-08  -1.4250794e-04
   5.2478748e+00  -1.5849564e-08  -1.4250794e-04
   5.2478748e+00  -1.5849564e-08  -1.4250794e-04
   5.2478748e+00  -1.5849565e-08  -1.4250794e-04
   5.2478748e+00  -1.5849566e-08  -1.4250794e-04
   5.2478748e+00  -1.5849569e-08  -1.4250794e-04
   5.2478748e+00  -1.5849575e-08  -1.4250794e-04
   5.2478748e+00  -1.5849585e-08  -1.4250793e-04
   5.2478748e+00  -1.5849607e-08  -1.4250792e-04
   5.2478749e+00  -1.5849651e-08  -1.4250789e-04
   5.2478750e+00  -1.5849737e-08  -1.4250785e-04
   5.2478751e+00  -1.5849911e-08  -1.4250775e-04
   5.2478754e+00  -1.5850258e-08  -1.4250757e-04
   5.2478761e+00  -1.5850953e-08  -1.4250719e-04
   5.2478774e+00  -1.5852342e-08  -1.4250644e-04
   5.2478799e+00  -1.5855119e-08  -1.4250494e-04
   5.2478851e+00  -1.5860671e-08  -1.4250193e-04
   5.2478954e+00  -1.5871765e-08  -1.4249593e-04
   5.2479160e+00  -1.5893916e-08  -1.4248391e-04
   5.2479573e+00  -1.5938068e-08  -1.4245989e-04
   5.2480398e+00  -1.6025775e-08  -1.4241183e-04
   5.2482047e+00  -1.6198825e-08  -1.4231571e-04
   5.2485347e+00  -1.6535642e-08  -1.4212344e-04
   5.2491946e+00  -1.7173509e-08  -1.4173879e-04
   5.2505144e+00  -1.8316425e-08  -1.4096904e-04
   5.2531541e+00  -2.0143953e-08  -1.3942787e-04
   5.2584334e+00  -2.2429100e-08  -1.3633936e-04
   5.2689920e+00  -2.3890776e-08  -1.3014206e-04
   5.2901092e+00  -2.2563309e-08  -1.1770100e-04
   5.3323436e+00  -1.7211663e-08  -9.2896152e-05
   5.3548549e+00  -3.1738523e-07  -7.9872505e-05
   5.3548549e+00  -3.1738523e-07  -7.9872505e-05
   5.4393237e+00  -9.4912990e-05  -3.3678470e-05
   5.4627810e+00  -1.7860179e-05  -2.1898391e-05
   5.4862383e+00  -3.3743959e-06  -1.0682464e-05
   5.5520490e+00  -2.2137965e-04   1.7407127e-05
   5.5744772e+00  -3.9052087e-05   2.5749336e-05
   5.5969054e+00  -6.8882991e-06   3.3433138e-05
   5.6534753e+00  -1.7481797e-04   4.9822385e-05
   5.6791890e+00  -4.1315791e-05   5.5846134e-05
   5.7049026e+00  -9.7507010e-06   6.0986477e-05
   5.7069809e+00  -1.1011307e-06   6.1363771e-05
   5.7069809e+00  -1.1011307e-06   6.1363771e-05
   5.7088466e+00  -5.1404462e-08   6.1697632e-05
   5.7088466e+00  -5.1404461e-08   6.1697632e-05
   5.7107123e+00  -4.1579530e-08   6.2026933e-05
   5.7125780e+00  -3.1680800e-08   6.2351682e-05
   5.7126468e+00  -3.1314485e-08   6.2363574e-05
   5.7126468e+00  -3.1314485e-08   6.2363574e-05
   5.7163781e+00  -1.1363181e-08   6.2999112e-05
   5.7184949e+00  -6.0562856e-20   6.3351591e-05
   5.7184949e+00   2.4470120e-19   6.3351591e-05
   5.7222262e+00   1.6646268e-08   6.3958770e-05
   5.7259576e+00   2.7924970e-08   6.4547941e-05
   5.7273519e+00   3.1113272e-08   6.4763492e-05
   5.7273519e+00   3.1113272e-08   6.4763492e-05
   5.7348146e+00   4.1766000e-08   6.5874751e-05
   5.7422773e+00   4.5914128e-08   6.6914969e-05
   5.7520185e+00   4.6941443e-08   6.8166963e-05
   5.7520185e+00   4.6941443e-08   6.8166963e-05
   5.7669439e+00   4.4937296e-08   6.9856123e-05
   5.7818693e+00   4.1909295e-08   7.1273327e-05
   5.8117201e+00   3.5858059e-08   7.3318579e-05
   5.8714217e+00   2.4145613e-08   7.4466400e-05
   5.9487425e+00   9.6854929e-09   7.0899325e-05
   5.9487425e+00   9.6854929e-09   7.0899325e-05
   5.9487425e+00   9.6854929e-09   7.0899325e-05
   5.9487425e+00   9.6854929e-09   7.0899325e-05
   5.9487425e+00   9.6854930e-09   7.0899325e-05
   5.9487425e+00   9.6854931e-09   7.0899325e-05
   5.9487425e+00   9.6854932e-09   7.0899325e-05
   5.9487425e+00   9.6854934e-09   7.0899325e-05
   5.9487425e+00   9.6854939e-09   7.0899325e-05
   5.9487425e+00   9.6854949e-09   7.0899325e-05
   5.9487425e+00   9.6854970e-09   7.0899325e-05
   5.9487426e+00   9.6855010e-09   7.0899324e-05
   5.9487426e+00   9.6855090e-09   7.0899323e-05
   5.9487426e+00   9.6855251e-09   7.0899322e-05
   5.9487426e+00   9.6855573e-09   7.0899318e-05
   5.9487427e+00   9.6856217e-09   7.0899310e-05
   5.9487429e+00   9.6857504e-09   7.0899295e-05
   5.9487433e+00   9.6860078e-09   7.0899264e-05
   5.9487441e+00   9.6865226e-09   7.0899203e-05
   5.9487457e+00   9.6875521e-09   7.0899082e-05
   5.9487488e+00   9.6896105e-09   7.0898838e-05
   5.9487551e+00   9.6937253e-09   7.0898351e-05
   5.9487676e+00   9.7019464e-09   7.0897376e-05
   5.9487926e+00   9.7183549e-09   7.0895426e-05
   5.9488426e+00   9.7510372e-09   7.0891524e-05
   5.9489427e+00   9.8158664e-09   7.0883715e-05
   5.9491428e+00   9.9434069e-09   7.0868074e-05
   5.9495431e+00   1.0190207e-08   7.0836704e-05
   5.9503436e+00   1.0652150e-08   7.0773608e-05
   5.9519446e+00   1.1460315e-08   7.0645992e-05
   5.9551467e+00   1.2689501e-08   7.0385121e-05
   5.9615509e+00   1.4058040e-08   6.9841165e-05
   5.9743592e+00   1.4586064e-08   6.8667227e-05
   5.9999758e+00   1.3162065e-08   6.5997943e-05
   6.0512091e+00   8.1739154e-09   5.9555412e-05
   6.1182589e+00   3.9628189e-09   4.9478310e-05
   6.1182589e+00   3.9628189e-09   4.9478310e-05
   6.1182589e+00   3.9628189e-09   4.9478310e-05
   6.1182589e+00   3.9628189e-09   4.9478310e-05
   6.1182589e+00   3.9628189e-09   4.9478310e-05
   6.1182589e+00   3.9628189e-09   4.9478310e-05
   6.1182589e+00   3.9628189e-09   4.9478310e-05
   6.1182589e+00   3.9628190e-09   4.9478310e-05
   6.1182589e+00   3.9628192e-09   4.9478310e-05
   6.1182589e+00   3.9628194e-09   4.9478310e-05
   6.1182589e+00   3.9628200e-09   4.9478309e-05
   6.1182589e+00   3.9628211e-09   4.9478309e-05
   6.1182589e+00   3.9628233e-09   4.9478307e-05
   6.1182589e+00   3.9628277e-09   4.9478305e-05
   6.1182589e+00   3.9628364e-09   4.9478300e-05
   6.1182590e+00   3.9628540e-09   4.9478289e-05
   6.1182591e+00   3.9628891e-09   4.9478268e-05
   6.1182594e+00   3.9629593e-09   4.9478227e-05
   6.1182599e+00   3.9630997e-09   4.9478143e-05
   6.1182609e+00   3.9633804e-09   4.9477976e-05
   6.1182630e+00   3.9639419e-09   4.9477642e-05
   6.1182672e+00   3.9650643e-09   4.9476974e-05
   6.1182755e+00   3.9673077e-09   4.9475637e-05
   6.1182922e+00   3.9717884e-09   4.9472965e-05
   6.1183255e+00   3.9807253e-09   4.9467619e-05
   6.1183922e+00   3.9985012e-09   4.9456927e-05
   6.1185256e+00   4.0336654e-09   4.9435540e-05
   6.1187924e+00   4.1024656e-09   4.9392753e-05
   6.1193259e+00   4.2341360e-09   4.9307130e-05
   6.1203930e+00   4.4751430e-09   4.9135686e-05
   6.1225272e+00   4.8779053e-09   4.8792020e-05
   6.1267956e+00   5.4332674e-09   4.8101674e-05
   6.1353322e+00   5.9142606e-09   4.6709669e-05
   6.1524056e+00   5.8381614e-09   4.3886327e-05
   6.1865524e+00   4.8567075e-09   3.8128262e-05
   6.2344265e+00   2.1478204e-09   2.9966880e-05
   6.2344265e+00   2.1478204e-09   2.9966880e-05
   6.2344265e+00   2.1478205e-09   2.9966880e-05
   6.2344265e+00   2.1478205e-09   2.9966880e-05
   6.2344265e+00   2.1478206e-09   2.9966880e-05
   6.2344265e+00   2.1478206e-09   2.9966880e-05
   6.2344265e+00   2.1478207e-09   2.9966880e-05
   6.2344265e+00   2.1478209e-09   2.9966880e-05
   6.2344265e+00   2.1478214e-09   2.9966879e-05
   6.2344265e+00   2.1478223e-09   2.9966878e-05
   6.2344265e+00   2.1478241e-09   2.9966876e-05
   6.2344265e+00   2.1478276e-09   2.9966872e-05
   6.2344266e+00   2.1478347e-09   2.9966864e-05
   6.2344267e+00   2.1478489e-09   2.9966847e-05
   6.2344268e+00   2.1478774e-09   2.9966814e-05
   6.2344272e+00   2.1479342e-09   2.9966748e-05
   6.2344280e+00   2.1480480e-09   2.9966615e-05
   6.2344296e+00   2.1482754e-09   2.9966350e-05
   6.2344327e+00   2.1487301e-09   2.9965821e-05
   6.2344389e+00   2.1496390e-09   2.9964762e-05
   6.2344514e+00   2.1514551e-09   2.9962643e-05
   6.2344763e+00   2.1550797e-09   2.9958407e-05
   6.2345261e+00   2.1622994e-09   2.9949933e-05
   6.2346258e+00   2.1766209e-09   2.9932987e-05
   6.2348252e+00   2.2047980e-09   2.9899096e-05
   6.2352239e+00   2.2593296e-09   2.9831320e-05
   6.2360213e+00   2.3614242e-09   2.9695796e-05
   6.2376161e+00   2.5401325e-09   2.9424859e-05
   6.2408058e+00   2.8122438e-09   2.8883461e-05
   6.2471852e+00   3.1160102e-09   2.7802809e-05
   6.2599439e+00   3.2349472e-09   2.5651953e-05
   6.2750592e+00   3.1089142e-09   2.3126685e-05
   6.2750592e+00   3.1089142e-09   2.3126685e-05
   6.3005766e+00   2.7263376e-09   1.8937247e-05
   6.3260941e+00   2.3851705e-09   1.4865693e-05
   6.3771290e+00   1.8137553e-09   7.1798619e-06
   6.4447113e+00   7.0870496e-10  -1.8170886e-06
   6.4447113e+00   7.0870496e-10  -1.8170886e-06
   6.4447113e+00   7.0870496e-10  -1.8170886e-06
   6.4447113e+00   7.0870496e-10  -1.8170886e-06
   6.4447113e+00   7.0870496e-10  -1.8170886e-06
   6.4447113e+00   7.0870496e-10  -1.8170886e-06
   6.4447113e+00   7.0870496e-10  -1.8170886e-06
   6.4447113e+00   7.0870496e-10  -1.8170886e-06
   6.4447113e+00   7.0870496e-10  -1.8170886e-06
   6.4447113e+00   7.0870496e-10  -1.8170886e-06
   6.4447113e+00   7.0870496e-10  -1.8170886e-06
   6.4447113e+00   7.0870496e-10  -1.8170886e-06
   6.4447113e+00   7.0870496e-10  -1.8170886e-06
   6.4447113e+00   7.0870496e-10  -1.8170886e-06
   6.4447113e+00   7.0870496e-10  -1.8170886e-06
   6.4447113e+00   7.0870496e-10  -1.8170886e-06
   6.4447113e+00   7.0870497e-10  -1.8170886e-06
   6.4447113e+00   7.0870498e-10  -1.8170887e-06
   6.4447113e+00   7.0870500e-10  -1.8170887e-06
   6.4447113e+00   7.0870505e-10  -1.8170888e-06
   6.4447113e+00   7.0870514e-10  -1.8170891e-06
   6.4447113e+00   7.0870531e-10  -1.8170895e-06
   6.4447113e+00   7.0870567e-10  -1.8170904e-06
   6.4447113e+00   7.0870639e-10  -1.8170922e-06
   6.4447113e+00   7.0870783e-10  -1.8170959e-06
   6.4447114e+00   7.0871070e-10  -1.8171031e-06
   6.4447115e+00   7.0871645e-10  -1.8171176e-06
   6.4447117e+00   7.0872793e-10  -1.8171467e-06
   6.4447122e+00   7.0875091e-10  -1.8172048e-06
   6.4447132e+00   7.0879687e-10  -1.8173210e-06
   6.4447151e+00   7.0888876e-10  -1.8175533e-06
   6.4447189e+00   7.0907248e-10  -1.8180180e-06
   6.4447265e+00   7.0943969e-10  -1.8189474e-06
   6.4447418e+00   7.1017320e-10  -1.8208062e-06
   6.4447723e+00   7.1163655e-10  -1.8245234e-06
   6.4448333e+00   7.1454860e-10  -1.8319569e-06
   6.4449554e+00   7.2031454e-10  -1.8468199e-06
   6.4451996e+00   7.3161696e-10  -1.8765302e-06
   6.4456878e+00   7.5332900e-10  -1.9358876e-06
   6.4466644e+00   7.9337356e-10  -2.0543498e-06
   6.4486175e+00   8.6134926e-10  -2.2902607e-06
   6.4525238e+00   9.5830434e-10  -2.7580121e-06
   6.4603363e+00   1.0502791e-09  -3.6770987e-06
   6.4759613e+00   1.0541687e-09  -5.4486133e-06
   6.5072113e+00   9.0138210e-10  -8.7183113e-06
   6.5536288e+00   3.9908141e-10  -1.2882895e-05
   6.5536288e+00   3.9908141e-10  -1.2882895e-05
   6.5536288e+00   3.9908141e-10  -1.2882895e-05
   6.5963540e+00   3.1858602e-10  -1.5973707e-05
   6.5963540e+00   3.1858602e-10  -1.5973707e-05
   6.5963540e+00   3.1858607e-10  -1.5973707e-05
   6.5963540e+00   3.1858607e-10  -1.5973707e-05
   6.5963540e+00   3.1858613e-10  -1.5973707e-05
   6.5963540e+00   3.1858619e-10  -1.5973707e-05
   6.5963540e+00   3.1858630e-10  -1.5973707e-05
   6.5963541e+00   3.1858652e-10  -1.5973708e-05
   6.5963541e+00   3.1858696e-10  -1.5973709e-05
   6.5963541e+00   3.1858785e-10  -1.5973712e-05
   6.5963542e+00   3.1858963e-10  -1.5973717e-05
   6.5963544e+00   3.1859319e-10  -1.5973728e-05
   6.5963547e+00   3.1860031e-10  -1.5973749e-05
   6.5963553e+00   3.1861454e-10  -1.5973791e-05
   6.5963567e+00   3.1864299e-10  -1.5973875e-05
   6.5963593e+00   3.1869990e-10  -1.5974043e-05
   6.5963645e+00   3.1881365e-10  -1.5974380e-05
   6.5963751e+00   3.1904097e-10  -1.5975053e-05
   6.5963961e+00   3.1949482e-10  -1.5976398e-05
   6.5964381e+00   3.2039938e-10  -1.5979089e-05
   6.5965222e+00   3.2219605e-10  -1.5984468e-05
   6.5966904e+00   3.2574002e-10  -1.5995219e-05
   6.5970267e+00   3.3263421e-10  -1.6016687e-05
   6.5976994e+00   3.4567657e-10  -1.6059492e-05
   6.5990448e+00   3.6899503e-10  -1.6144576e-05
   6.6017357e+00   4.0611360e-10  -1.6312643e-05
   6.6071173e+00   4.5205516e-10  -1.6640386e-05
   6.6178806e+00   4.8039257e-10  -1.7262427e-05
   6.6394071e+00   4.5175858e-10  -1.8373934e-05
   6.6722839e+00   3.7551545e-10  -1.9737130e-05
   6.6722839e+00   3.7551545e-10  -1.9737130e-05
   6.7153369e+00   2.6809839e-10  -2.0935241e-05
   6.7504711e+00   1.4135906e-10  -2.1448511e-05
   6.7504711e+00   1.4135906e-10  -2.1448511e-05
   6.7504711e+00   1.4135906e-10  -2.1448511e-05
   6.7504711e+00   1.4135906e-10  -2.1448511e-05
   6.7504711e+00   1.4135906e-10  -2.1448511e-05
   6.7504711e+00   1.4135906e-10  -2.1448511e-05
   6.7504711e+00   1.4135906e-10  -2.1448511e-05
   6.7504711e+00   1.4135906e-10  -2.1448511e-05
   6.7504711e+00   1.4135906e-10  -2.1448511e-05
   6.7504711e+00   1.4135906e-10  -2.1448511e-05
   6.7504711e+00   1.4135906e-10  -2.1448511e-05
   6.7504711e+00   1.4135906e-10  -2.1448511e-05
   6.7504711e+00   1.4135906e-10  -2.1448511e-05
   6.7504711e+00   1.4135906e-10  -2.1448511e-05
   6.7504711e+00   1.4135906e-10  -2.1448511e-05
   6.7504711e+00   1.4135906e-10  -2.1448511e-05
   6.7504711e+00   1.4135907e-10  -2.1448511e-05
   6.7504711e+00   1.4135907e-10  -2.1448511e-05
   6.7504711e+00   1.4135907e-10  -2.1448511e-05
   6.7504711e+00   1.4135908e-10  -2.1448511e-05
   6.7504711e+00   1.4135910e-10  -2.1448511e-05
   6.7504711e+00   1.4135913e-10  -2.1448511e-05
   6.7504711e+00   1.4135921e-10  -2.1448511e-05
   6.7504711e+00   1.4135935e-10  -2.1448511e-05
   6.7504711e+00   1.4135964e-10  -2.1448512e-05
   6.7504712e+00   1.4136021e-10  -2.1448512e-05
   6.7504713e+00   1.4136136e-10  -2.1448513e-05
   6.7504716e+00   1.4136365e-10  -2.1448515e-05
   6.7504720e+00   1.4136823e-10  -2.1448520e-05
   6.7504730e+00   1.4137740e-10  -2.1448528e-05
   6.7504749e+00   1.4139572e-10  -2.1448545e-05
   6.7504787e+00   1.4143237e-10  -2.1448580e-05
   6.7504863e+00   1.4150561e-10  -2.1448648e-05
   6.7505016e+00   1.4165192e-10  -2.1448785e-05
   6.7505321e+00   1.4194380e-10  -2.1449058e-05
   6.7505932e+00   1.4252464e-10  -2.1449603e-05
   6.7507152e+00   1.4367472e-10  -2.1450691e-05
   6.7509594e+00   1.4592912e-10  -2.1452852e-05
   6.7514476e+00   1.5025982e-10  -2.1457118e-05
   6.7524242e+00   1.5824715e-10  -2.1465427e-05
   6.7543773e+00   1.7180566e-10  -2.1481154e-05
   6.7582836e+00   1.9114442e-10  -2.1509063e-05
   6.7660961e+00   2.0948980e-10  -2.1550860e-05
   6.7817211e+00   2.1026562e-10  -2.1579621e-05
   6.8129711e+00   1.7979065e-10  -2.1428250e-05
   6.8593886e+00   7.9601187e-11  -2.0735321e-05
   6.8593886e+00   7.9601187e-11  -2.0735321e-05
   6.8593886e+00   7.9601187e-11  -2.0735321e-05
   6.9021138e+00   6.3545474e-11  -1.9668738e-05
   6.9021138e+00   6.3545474e-11  -1.9668738e-05
   6.9021139e+00   6.3545530e-11  -1.9668737e-05
   6.9021139e+00   6.3545530e-11  -1.9668737e-05
   6.9021139e+00   6.3545585e-11  -1.9668737e-05
   6.9021139e+00   6.3545641e-11  -1.9668737e-05
   6.9021139e+00   6.3545752e-11  -1.9668736e-05
   6.9021140e+00   6.3545974e-11  -1.9668734e-05
   6.9021141e+00   6.3546418e-11  -1.9668731e-05
   6.9021143e+00   6.3547307e-11  -1.9668725e-05
   6.9021147e+00   6.3549083e-11  -1.9668713e-05
   6.9021155e+00   6.3552636e-11  -1.9668689e-05
   6.9021171e+00   6.3559740e-11  -1.9668641e-05
   6.9021204e+00   6.3573945e-11  -1.9668545e-05
   6.9021270e+00   6.3602340e-11  -1.9668353e-05
   6.9021402e+00   6.3659068e-11  -1.9667969e-05
   6.9021665e+00   6.3772280e-11  -1.9667200e-05
   6.9022191e+00   6.3997726e-11  -1.9665662e-05
   6.9023244e+00   6.4444734e-11  -1.9662584e-05
   6.9025349e+00   6.5323396e-11  -1.9656422e-05
   6.9029559e+00   6.7020751e-11  -1.9644073e-05
   6.9037979e+00   7.0186733e-11  -1.9619278e-05
   6.9054820e+00   7.5686493e-11  -1.9569295e-05
   6.9088501e+00   8.3927056e-11  -1.9467774e-05
   6.9155862e+00   9.2776816e-11  -1.9258635e-05
   6.9290586e+00   9.5507223e-11  -1.8816924e-05
   6.9560034e+00   8.5077903e-11  -1.7847421e-05
   7.0098930e+00   4.5692953e-11  -1.5624576e-05
   7.0801580e+00   2.4852648e-11  -1.2345281e-05
   7.0801580e+00   2.4852648e-11  -1.2345281e-05
   7.0801580e+00   2.4852703e-11  -1.2345280e-05
   7.0801580e+00   2.4852703e-11  -1.2345280e-05
   7.0801580e+00   2.4852759e-11  -1.2345278e-05
   7.0801581e+00   2.4852814e-11  -1.2345276e-05
   7.0801581e+00   2.4852925e-11  -1.2345273e-05
   7.0801583e+00   2.4853147e-11  -1.2345267e-05
   7.0801585e+00   2.4853591e-11  -1.2345254e-05
   7.0801591e+00   2.4854479e-11  -1.2345229e-05
   7.0801601e+00   2.4856255e-11  -1.2345178e-05
   7.0801622e+00   2.4859807e-11  -1.2345075e-05
   7.0801664e+00   2.4866907e-11  -1.2344871e-05
   7.0801748e+00   2.4881098e-11  -1.2344463e-05
   7.0801916e+00   2.4909442e-11  -1.2343647e-05
   7.0802253e+00   2.4965971e-11  -1.2342013e-05
   7.0802925e+00   2.5078407e-11  -1.2338747e-05
   7.0804271e+00   2.5300805e-11  -1.2332214e-05
   7.0806962e+00   2.5735853e-11  -1.2319145e-05
   7.0812343e+00   2.6568133e-11  -1.2293000e-05
   7.0823106e+00   2.8090338e-11  -1.2240681e-05
   7.0844633e+00   3.0630127e-11  -1.2135925e-05
   7.0887686e+00   3.4120018e-11  -1.1925972e-05
   7.0973792e+00   3.7113402e-11  -1.1504508e-05
   7.1146003e+00   3.6574512e-11  -1.0656963e-05
   7.1490427e+00   3.0339830e-11  -8.9558542e-06
   7.1953292e+00   2.5855782e-11  -6.6967084e-06
   7.1953292e+00   2.5855782e-11  -6.6967084e-06
   7.2642139e+00   1.4268551e-10  -3.5044924e-06
   7.3330986e+00   1.0793796e-08  -6.4952394e-07
   7.4708679e+00   7.3717095e-05   3.6587497e-06
   7.5017307e+00   4.1081473e-05   4.3365259e-06
   7.5325934e+00   2.2761624e-05   4.9069191e-06
   7.5860144e+00   4.1387617e-04   5.6456229e-06
   7.5925738e+00   1.8438117e-04   5.7151933e-06
   7.5925738e+00   1.8438117e-04   5.7151933e-06
   7.6155508e+00   3.3083718e-05   5.9236751e-06
   7.6253444e+00   8.9380479e-06   5.9962103e-06
   7.6253444e+00   8.9380479e-06   5.9962103e-06
   7.6483214e+00   1.7980863e-06   6.1292709e-06
   7.6578658e+00   4.1756699e-07   6.1696450e-06
   7.6578658e+00   4.1756699e-07   6.1696450e-06
   7.6616656e+00   2.5437368e-07   6.1833446e-06
   7.6616656e+00   2.5437368e-07   6.1833446e-06
   7.6654655e+00   8.9320659e-08   6.1957086e-06
   7.6675138e+00   7.2958124e-19   6.2018232e-06
   7.6675138e+00  -1.7501077e-18   6.2018232e-06
   7.6713136e+00  -1.3724740e-07   6.2121535e-06
   7.6751135e+00  -2.2955922e-07   6.2211768e-06
   7.6763709e+00  -2.5273905e-07   6.2238769e-06
   7.6763709e+00  -2.5273905e-07   6.2238769e-06
   7.6839706e+00  -3.4025063e-07   6.2372009e-06
   7.6915703e+00  -3.7361054e-07   6.2454532e-06
   7.7067698e+00  -3.7686385e-07   6.2471308e-06
   7.7371686e+00  -3.2484393e-07   6.1939881e-06
   7.7836012e+00  -1.4359252e-07   5.9805159e-06
   7.7836012e+00  -1.4359252e-07   5.9805159e-06
   7.7836012e+00  -1.4359252e-07   5.9805159e-06
   7.7836012e+00  -1.4359252e-07   5.9805159e-06
   7.7836012e+00  -1.4359252e-07   5.9805159e-06
   7.7836012e+00  -1.4359252e-07   5.9805159e-06
   7.7836012e+00  -1.4359252e-07   5.9805159e-06
   7.7836012e+00  -1.4359252e-07   5.9805159e-06
   7.7836012e+00  -1.4359252e-07   5.9805159e-06
   7.7836012e+00  -1.4359252e-07   5.9805159e-06
   7.7836012e+00  -1.4359252e-07   5.9805159e-06
   7.7836012e+00  -1.4359252e-07   5.9805159e-06
   7.7836012e+00  -1.4359253e-07   5.9805159e-06
   7.7836012e+00  -1.4359254e-07   5.9805159e-06
   7.7836012e+00  -1.4359257e-07   5.9805159e-06
   7.7836012e+00  -1.4359263e-07   5.9805158e-06
   7.7836012e+00  -1.4359274e-07   5.9805157e-06
   7.7836013e+00  -1.4359297e-07   5.9805156e-06
   7.7836013e+00  -1.4359342e-07   5.9805153e-06
   7.7836014e+00  -1.4359432e-07   5.9805147e-06
   7.7836016e+00  -1.4359612e-07   5.9805136e-06
   7.7836020e+00  -1.4359972e-07   5.9805113e-06
   7.7836027e+00  -1.4360692e-07   5.9805068e-06
   7.7836042e+00  -1.4362133e-07   5.9804977e-06
   7.7836071e+00  -1.4365013e-07   5.9804795e-06
   7.7836130e+00  -1.4370771e-07   5.9804430e-06
   7.7836248e+00  -1.4382276e-07   5.9803701e-06
   7.7836484e+00  -1.4405241e-07   5.9802244e-06
   7.7836957e+00  -1.4450993e-07   5.9799327e-06
   7.7837901e+00  -1.4541790e-07   5.9793489e-06
   7.7839790e+00  -1.4720583e-07   5.9781796e-06
   7.7843568e+00  -1.5067206e-07   5.9758343e-06
   7.7851123e+00  -1.5718429e-07   5.9711163e-06
   7.7866234e+00  -1.6866498e-07   5.9615717e-06
   7.7896456e+00  -1.8641041e-07   5.9420508e-06
   7.7956900e+00  -2.0693474e-07   5.9013070e-06
   7.8077788e+00  -2.1654038e-07   5.8132106e-06
   7.8319563e+00  -1.9819992e-07   5.6121780e-06
   7.8803114e+00  -1.3536636e-07   5.1235590e-06
   7.9438853e+00  -6.1702866e-08   4.3469080e-06
   7.9438853e+00  -6.1702866e-08   4.3469080e-06
   7.9438853e+00  -6.1702866e-08   4.3469080e-06
   7.9438853e+00  -6.1702866e-08   4.3469080e-06
   7.9438853e+00  -6.1702867e-08   4.3469080e-06
   7.9438853e+00  -6.1702867e-08   4.3469080e-06
   7.9438853e+00  -6.1702867e-08   4.3469080e-06
   7.9438853e+00  -6.1702868e-08   4.3469080e-06
   7.9438853e+00  -6.1702869e-08   4.3469080e-06
   7.9438853e+00  -6.1702872e-08   4.3469080e-06
   7.9438853e+00  -6.1702877e-08   4.3469079e-06
   7.9438853e+00  -6.1702888e-08   4.3469079e-06
   7.9438853e+00  -6.1702909e-08   4.3469078e-06
   7.9438853e+00  -6.1702951e-08   4.3469077e-06
   7.9438853e+00  -6.1703036e-08   4.3469074e-06
   7.9438853e+00  -6.1703207e-08   4.3469069e-06
   7.9438854e+00  -6.1703547e-08   4.3469059e-06
   7.9438856e+00  -6.1704227e-08   4.3469037e-06
   7.9438859e+00  -6.1705587e-08   4.3468995e-06
   7.9438866e+00  -6.1708307e-08   4.3468910e-06
   7.9438879e+00  -6.1713746e-08   4.3468740e-06
   7.9438904e+00  -6.1724623e-08   4.3468399e-06
   7.9438956e+00  -6.1746368e-08   4.3467719e-06
   7.9439060e+00  -6.1789820e-08   4.3466358e-06
   7.9439268e+00  -6.1876576e-08   4.3463636e-06
   7.9439682e+00  -6.2049498e-08   4.3458192e-06
   7.9440512e+00  -6.2392990e-08   4.3447303e-06
   7.9442172e+00  -6.3070659e-08   4.3425520e-06
   7.9445492e+00  -6.4389428e-08   4.3381934e-06
   7.9452131e+00  -6.6886085e-08   4.3294686e-06
   7.9465409e+00  -7.1356508e-08   4.3119889e-06
   7.9491966e+00  -7.8494651e-08   4.2769106e-06
   7.9545080e+00  -8.7391752e-08   4.2062942e-06
   7.9651307e+00  -9.3019088e-08   4.0633458e-06
   7.9863762e+00  -8.7732302e-08   3.7715608e-06
   8.0288672e+00  -6.6698638e-08   3.1719576e-06
   8.0854465e+00  -2.9251810e-08   2.3638905e-06
   8.0854465e+00  -2.9251810e-08   2.3638905e-06
   8.0854465e+00  -2.9251810e-08   2.3638905e-06
   8.0854465e+00  -2.9251810e-08   2.3638905e-06
   8.0854465e+00  -2.9251810e-08   2.3638905e-06
   8.0854465e+00  -2.9251810e-08   2.3638905e-06
   8.0854465e+00  -2.9251810e-08   2.3638905e-06
   8.0854465e+00  -2.9251810e-08   2.3638905e-06
   8.0854465e+00  -2.9251811e-08   2.3638905e-06
   8.0854465e+00  -2.9251812e-08   2.3638905e-06
   8.0854465e+00  -2.9251813e-08   2.3638905e-06
   8.0854465e+00  -2.9251817e-08   2.3638905e-06
   8.0854465e+00  -2.9251824e-08   2.3638904e-06
   8.0854465e+00  -2.9251839e-08   2.3638903e-06
   8.0854465e+00  -2.9251869e-08   2.3638901e-06
   8.0854465e+00  -2.9251928e-08   2.3638897e-06
   8.0854466e+00  -2.9252046e-08   2.3638889e-06
   8.0854467e+00  -2.9252283e-08   2.3638872e-06
   8.0854469e+00  -2.9252756e-08   2.3638838e-06
   8.0854474e+00  -2.9253702e-08   2.3638770e-06
   8.0854484e+00  -2.9255594e-08   2.3638635e-06
   8.0854503e+00  -2.9259378e-08   2.3638365e-06
   8.0854541e+00  -2.9266944e-08   2.3637825e-06
   8.0854617e+00  -2.9282066e-08   2.3636744e-06
   8.0854769e+00  -2.9312271e-08   2.3634583e-06
   8.0855074e+00  -2.9372531e-08   2.3630260e-06
   8.0855683e+00  -2.9492450e-08   2.3621615e-06
   8.0856900e+00  -2.9729898e-08   2.3604326e-06
   8.0859336e+00  -3.0195367e-08   2.3569749e-06
   8.0864208e+00  -3.1089620e-08   2.3500609e-06
   8.0873951e+00  -3.2739248e-08   2.3362375e-06
   8.0893437e+00  -3.5540586e-08   2.3086100e-06
   8.0932408e+00  -3.9539545e-08   2.2534370e-06
   8.1010352e+00  -4.3341411e-08   2.1434537e-06
   8.1156204e+00  -4.3642228e-08   1.9391845e-06
   8.1156204e+00  -4.3642228e-08   1.9391845e-06
   8.1312092e+00  -4.1097557e-08   1.7235509e-06
   8.1467980e+00  -3.8059336e-08   1.5112613e-06
   8.1779755e+00  -3.2308025e-08   1.0988500e-06
   8.2403305e+00  -2.1508040e-08   3.3569564e-07
   8.3208595e+00  -8.4581017e-09  -4.9664219e-07
   8.3208595e+00  -8.4581017e-09  -4.9664219e-07
   8.3208595e+00  -8.4581017e-09  -4.9664219e-07
   8.3208595e+00  -8.4581017e-09  -4.9664219e-07
   8.3208595e+00  -8.4581017e-09  -4.9664219e-07
   8.3208595e+00  -8.4581017e-09  -4.9664219e-07
   8.3208595e+00  -8.4581018e-09  -4.9664219e-07
   8.3208595e+00  -8.4581018e-09  -4.9664220e-07
   8.3208595e+00  -8.4581020e-09  -4.9664220e-07
   8.3208595e+00  -8.4581023e-09  -4.9664220e-07
   8.3208595e+00  -8.4581029e-09  -4.9664221e-07
   8.3208595e+00  -8.4581042e-09  -4.9664223e-07
   8.3208595e+00  -8.4581066e-09  -4.9664227e-07
   8.3208595e+00  -8.4581116e-09  -4.9664235e-07
   8.3208595e+00  -8.4581215e-09  -4.9664251e-07
   8.3208596e+00  -8.4581413e-09  -4.9664282e-07
   8.3208596e+00  -8.4581808e-09  -4.9664345e-07
   8.3208598e+00  -8.4582599e-09  -4.9664470e-07
   8.3208601e+00  -8.4584182e-09  -4.9664722e-07
   8.3208606e+00  -8.4587347e-09  -4.9665224e-07
   8.3208617e+00  -8.4593675e-09  -4.9666229e-07
   8.3208639e+00  -8.4606331e-09  -4.9668239e-07
   8.3208683e+00  -8.4631633e-09  -4.9672258e-07
   8.3208771e+00  -8.4682200e-09  -4.9680296e-07
   8.3208947e+00  -8.4783189e-09  -4.9696372e-07
   8.3209299e+00  -8.4984582e-09  -4.9728520e-07
   8.3210004e+00  -8.5385043e-09  -4.9792806e-07
   8.3211413e+00  -8.6176740e-09  -4.9921330e-07
   8.3214230e+00  -8.7723818e-09  -5.0178193e-07
   8.3219865e+00  -9.0677268e-09  -5.0691173e-07
   8.3231135e+00  -9.6056023e-09  -5.1714149e-07
   8.3253675e+00  -1.0495183e-08  -5.3748144e-07
   8.3298755e+00  -1.1694260e-08  -5.7768163e-07
   8.3388916e+00  -1.2667938e-08  -6.5615213e-07
   8.3569237e+00  -1.2370698e-08  -8.0529681e-07
   8.3929878e+00  -1.0101409e-08  -1.0719588e-06
   8.4425301e+00  -4.4531266e-09  -1.3689231e-06
   8.4425301e+00  -4.4531266e-09  -1.3689231e-06
   8.4425301e+00  -4.4531266e-09  -1.3689231e-06
   8.4425301e+00  -4.4531266e-09  -1.3689231e-06
   8.4425301e+00  -4.4531267e-09  -1.3689231e-06
   8.4425301e+00  -4.4531267e-09  -1.3689231e-06
   8.4425301e+00  -4.4531268e-09  -1.3689231e-06
   8.4425301e+00  -4.4531271e-09  -1.3689231e-06
   8.4425301e+00  -4.4531275e-09  -1.3689231e-06
   8.4425302e+00  -4.4531284e-09  -1.3689231e-06
   8.4425302e+00  -4.4531302e-09  -1.3689231e-06
   8.4425302e+00  -4.4531337e-09  -1.3689232e-06
   8.4425302e+00  -4.4531408e-09  -1.3689233e-06
   8.4425302e+00  -4.4531551e-09  -1.3689236e-06
   8.4425303e+00  -4.4531835e-09  -1.3689241e-06
   8.4425305e+00  -4.4532404e-09  -1.3689250e-06
   8.4425309e+00  -4.4533542e-09  -1.3689270e-06
   8.4425317e+00  -4.4535818e-09  -1.3689309e-06
   8.4425332e+00  -4.4540369e-09  -1.3689387e-06
   8.4425362e+00  -4.4549468e-09  -1.3689543e-06
   8.4425422e+00  -4.4567659e-09  -1.3689855e-06
   8.4425542e+00  -4.4604003e-09  -1.3690478e-06
   8.4425783e+00  -4.4676549e-09  -1.3691725e-06
   8.4426264e+00  -4.4821068e-09  -1.3694219e-06
   8.4427226e+00  -4.5107828e-09  -1.3699204e-06
   8.4429150e+00  -4.5672342e-09  -1.3709166e-06
   8.4432998e+00  -4.6766111e-09  -1.3729053e-06
   8.4440695e+00  -4.8818630e-09  -1.3768683e-06
   8.4456088e+00  -5.2428420e-09  -1.3847368e-06
   8.4486875e+00  -5.7979885e-09  -1.4002439e-06
   8.4548448e+00  -6.4325027e-09  -1.4303405e-06
   8.4671595e+00  -6.7131831e-09  -1.4868816e-06
   8.4917889e+00  -6.1170212e-09  -1.5855249e-06
   8.5128673e+00  -6.2924230e-09  -1.6549524e-06
   8.5128673e+00  -6.2924230e-09  -1.6549524e-06
   8.5621260e+00  -1.1890554e-08  -1.7654771e-06
   8.6113848e+00  -8.0035893e-08  -1.8083908e-06
   8.7099022e+00  -6.3818932e-05  -1.7207143e-06
   8.7524511e+00  -2.7336747e-04  -1.6246017e-06
   8.7850057e+00  -2.2280277e-04  -1.5325680e-06
   8.8175604e+00  -1.7834092e-04  -1.4273437e-06
   8.8548041e+00  -3.4255991e-04  -1.2940522e-06
   8.8926255e+00  -8.4580753e-04  -1.1482309e-06
   8.9248909e+00  -8.2600299e-04  -1.0182610e-06
   8.9521244e+00  -2.5600906e-04  -9.0626747e-07
   8.9812383e+00  -1.0695130e-04  -7.8568664e-07
   9.0183418e+00  -1.8831010e-04  -6.3287785e-07
   9.0218854e+00  -1.2382868e-06  -6.1842198e-07
   9.0218854e+00  -1.2382867e-06  -6.1842198e-07
   9.0218854e+00  -1.2382867e-06  -6.1842198e-07
   9.0218854e+00  -1.2382868e-06  -6.1842198e-07
   9.0218854e+00  -1.2382868e-06  -6.1842198e-07
   9.0218854e+00  -1.2382868e-06  -6.1842198e-07
   9.0218854e+00  -1.2382868e-06  -6.1842198e-07
   9.0218854e+00  -1.2382868e-06  -6.1842198e-07
   9.0218854e+00  -1.2382869e-06  -6.1842197e-07
   9.0218854e+00  -1.2382870e-06  -6.1842197e-07
   9.0218854e+00  -1.2382873e-06  -6.1842195e-07
   9.0218854e+00  -1.2382878e-06  -6.1842193e-07
   9.0218855e+00  -1.2382889e-06  -6.1842188e-07
   9.0218855e+00  -1.2382911e-06  -6.1842177e-07
   9.0218855e+00  -1.2382954e-06  -6.1842156e-07
   9.0218856e+00  -1.2383040e-06  -6.1842115e-07
   9.0218858e+00  -1.2383212e-06  -6.1842031e-07
   9.0218863e+00  -1.2383556e-06  -6.1841865e-07
   9.0218871e+00  -1.2384244e-06  -6.1841532e-07
   9.0218887e+00  -1.2385620e-06  -6.1840866e-07
   9.0218920e+00  -1.2388372e-06  -6.1839533e-07
   9.0218985e+00  -1.2393872e-06  -6.1836869e-07
   9.0219116e+00  -1.2404861e-06  -6.1831539e-07
   9.0219378e+00  -1.2426791e-06  -6.1820881e-07
   9.0219901e+00  -1.2470464e-06  -6.1799564e-07
   9.0220947e+00  -1.2557062e-06  -6.1756933e-07
   9.0223040e+00  -1.2727301e-06  -6.1671680e-07
   9.0227225e+00  -1.3056227e-06  -6.1501209e-07
   9.0235595e+00  -1.3670013e-06  -6.1160409e-07
   9.0252336e+00  -1.4737156e-06  -6.0479383e-07
   9.0285818e+00  -1.6339008e-06  -5.9119714e-07
   9.0352781e+00  -1.8066858e-06  -5.6410513e-07
   9.0359148e+00  -1.8159969e-06  -5.6153677e-07
   9.0359148e+00  -1.8159969e-06  -5.6153677e-07
   9.0493075e+00  -1.8596239e-06  -5.0783683e-07
   9.0627002e+00  -1.7790752e-06  -4.5483484e-07
   9.0894855e+00  -1.5562989e-06  -3.5132316e-07
   9.1430563e+00  -1.0849724e-06  -1.5675056e-07
   9.2129668e+00  -4.5415824e-07   6.5738612e-08
   9.2129668e+00  -4.5415824e-07   6.5738612e-08
   9.2129668e+00  -4.5415824e-07   6.5738612e-08
   9.2129668e+00  -4.5415824e-07   6.5738612e-08
   9.2129668e+00  -4.5415824e-07   6.5738612e-08
   9.2129668e+00  -4.5415824e-07   6.5738612e-08
   9.2129668e+00  -4.5415825e-07   6.5738612e-08
   9.2129668e+00  -4.5415825e-07   6.5738613e-08
   9.2129668e+00  -4.5415826e-07   6.5738613e-08
   9.2129668e+00  -4.5415827e-07   6.5738615e-08
   9.2129668e+00  -4.5415830e-07   6.5738618e-08
   9.2129668e+00  -4.5415836e-07   6.5738623e-08
   9.2129668e+00  -4.5415848e-07   6.5738635e-08
   9.2129668e+00  -4.5415873e-07   6.5738657e-08
   9.2129668e+00  -4.5415921e-07   6.5738703e-08
   9.2129668e+00  -4.5416018e-07   6.5738793e-08
   9.2129669e+00  -4.5416211e-07   6.5738975e-08
   9.2129670e+00  -4.5416598e-07   6.5739337e-08
   9.2129673e+00  -4.5417372e-07   6.5740063e-08
   9.2129678e+00  -4.5418920e-07   6.5741513e-08
   9.2129688e+00  -4.5422016e-07   6.5744415e-08
   9.2129708e+00  -4.5428206e-07   6.5750218e-08
   9.2129748e+00  -4.5440583e-07   6.5761824e-08
   9.2129828e+00  -4.5465320e-07   6.5785035e-08
   9.2129989e+00  -4.5514728e-07   6.5831455e-08
   9.2130309e+00  -4.5613285e-07   6.5924289e-08
   9.2130951e+00  -4.5809362e-07   6.6109931e-08
   9.2132234e+00  -4.6197400e-07   6.6481108e-08
   9.2134801e+00  -4.6957248e-07   6.7223032e-08
   9.2139934e+00  -4.8413895e-07   6.8705162e-08
   9.2150200e+00  -5.1089194e-07   7.1662547e-08
   9.2170733e+00  -5.5591470e-07   7.7549756e-08
   9.2211798e+00  -6.1894606e-07   8.9213471e-08
   9.2293929e+00  -6.7585346e-07   1.1209461e-07
   9.2458190e+00  -6.7210796e-07   1.5604618e-07
   9.2786711e+00  -5.6605691e-07   2.3653852e-07
   9.3256804e+00  -2.5067456e-07   3.3411102e-07
   9.3256804e+00  -2.5067456e-07   3.3411102e-07
   9.3256804e+00  -2.5067456e-07   3.3411102e-07
   9.3256804e+00  -2.5067456e-07   3.3411102e-07
   9.3256804e+00  -2.5067456e-07   3.3411102e-07
   9.3256804e+00  -2.5067456e-07   3.3411102e-07
   9.3256804e+00  -2.5067456e-07   3.3411102e-07
   9.3256804e+00  -2.5067456e-07   3.3411102e-07
   9.3256804e+00  -2.5067456e-07   3.3411102e-07
   9.3256804e+00  -2.5067456e-07   3.3411102e-07
   9.3256804e+00  -2.5067456e-07   3.3411102e-07
   9.3256804e+00  -2.5067457e-07   3.3411102e-07
   9.3256804e+00  -2.5067457e-07   3.3411102e-07
   9.3256804e+00  -2.5067459e-07   3.3411102e-07
   9.3256804e+00  -2.5067462e-07   3.3411102e-07
   9.3256804e+00  -2.5067468e-07   3.3411103e-07
   9.3256804e+00  -2.5067479e-07   3.3411104e-07
   9.3256804e+00  -2.5067502e-07   3.3411107e-07
   9.3256805e+00  -2.5067549e-07   3.3411112e-07
   9.3256805e+00  -2.5067641e-07   3.3411122e-07
   9.3256806e+00  -2.5067827e-07   3.3411142e-07
   9.3256809e+00  -2.5068198e-07   3.3411182e-07
   9.3256813e+00  -2.5068939e-07   3.3411263e-07
   9.3256822e+00  -2.5070423e-07   3.3411424e-07
   9.3256839e+00  -2.5073389e-07   3.3411747e-07
   9.3256874e+00  -2.5079320e-07   3.3412392e-07
   9.3256943e+00  -2.5091174e-07   3.3413682e-07
   9.3257083e+00  -2.5114857e-07   3.3416262e-07
   9.3257361e+00  -2.5162113e-07   3.3421421e-07
   9.3257918e+00  -2.5256194e-07   3.3431737e-07
   9.3259032e+00  -2.5442640e-07   3.3452361e-07
   9.3261260e+00  -2.5808757e-07   3.3493573e-07
   9.3265716e+00  -2.6514564e-07   3.3575855e-07
   9.3274628e+00  -2.7825662e-07   3.3739855e-07
   9.3292453e+00  -3.0084134e-07   3.4065595e-07
   9.3328101e+00  -3.3408153e-07   3.4708032e-07
   9.3399398e+00  -3.6824258e-07   3.5956764e-07
   9.3541991e+00  -3.7556883e-07   3.8309946e-07
   9.3827178e+00  -3.2954900e-07   4.2443078e-07
   9.4308574e+00  -1.4396998e-07   4.7722494e-07
   9.4308574e+00  -1.4396998e-07   4.7722494e-07
   9.4308574e+00  -1.4396998e-07   4.7722494e-07
   9.4331638e+00  -2.7735444e-07   4.7923293e-07
   9.4331638e+00  -2.7735444e-07   4.7923293e-07
   9.4354702e+00  -2.7002469e-07   4.8119426e-07
   9.4377766e+00  -2.6357884e-07   4.8310908e-07
   9.4423893e+00  -2.5269389e-07   4.8679979e-07
   9.4516149e+00  -2.3599008e-07   4.9362993e-07
   9.4700661e+00  -2.1154930e-07   5.0512198e-07
   9.5069685e+00  -1.7466156e-07   5.1975728e-07
   9.5807732e+00  -2.5882226e-07   5.1861059e-07
   9.6949640e+00  -2.9946996e-04   4.5270629e-07
   9.7305515e+00  -4.5524699e-04   4.2045535e-07
   9.7661390e+00  -7.6903138e-04   3.8432384e-07
   9.7968769e+00  -5.0222237e-04   3.5071701e-07
   9.8253494e+00  -1.9115925e-04   3.1814008e-07
   9.8575586e+00  -1.4168317e-04   2.8018243e-07
   9.8962469e+00  -3.3974788e-04   2.3385906e-07
   9.9357718e+00  -1.1770128e-03   1.8665927e-07
   9.9562117e+00  -2.2031599e-04   1.6260728e-07
   9.9562117e+00  -2.2031599e-04   1.6260728e-07
   9.9812110e+00  -4.7126686e-05   1.3374310e-07
   9.9947064e+00  -1.1915272e-05   1.1847874e-07
   9.9947064e+00  -1.1915272e-05   1.1847874e-07
   1.0000000e+01  -6.9442926e-06   1.1256055e-07
