   0.0000000e+00   0.0000000e+00   0.0000000e+00
   3.1554436e-30   5.9412371e-58   5.9412371e-58
   2.3257563e-19   3.2276352e-36   3.2276352e-36
   2.3257563e-19   3.2276352e-36   3.2276352e-36
   2.3398732e-19   3.2669364e-36   3.2669364e-36
   2.3398732e-19   3.2669364e-36   3.2669364e-36
   1.0047546e-05   6.0235198e-09   6.0237948e-09
   6.0285274e-05   2.1678329e-07   2.1684186e-07
   2.5191198e-04   3.7812557e-06   3.7853060e-06
   2.5191198e-04   3.7812557e-06   3.7853060e-06
   2.5344104e-04   3.8272663e-06   3.8313890e-06
   2.5344104e-04   3.8272663e-06   3.8313890e-06
   3.0241353e-04   5.4478255e-06   5.4547342e-06
   3.0241353e-04   5.4478255e-06   5.4547342e-06
   3.0424912e-04   5.5141068e-06   5.5211385e-06
   3.0424912e-04   5.5141068e-06   5.5211385e-06
   5.0478929e-04   1.5163025e-05   1.5193456e-05
   5.0478929e-04   1.5163025e-05   1.5193456e-05
   5.0785326e-04   1.5347419e-05   1.5378384e-05
   5.0785326e-04   1.5347419e-05   1.5378384e-05
   6.0618938e-04   2.1855568e-05   2.1906935e-05
   6.0618938e-04   2.1855568e-05   2.1906935e-05
   6.0986883e-04   2.2121289e-05   2.2173549e-05
   6.0986883e-04   2.2121289e-05   2.2173549e-05
   7.5854823e-04   3.4197102e-05   3.4294056e-05
   7.5854823e-04   3.4197102e-05   3.4294056e-05
   7.6315246e-04   3.4612735e-05   3.4711356e-05
   7.6315246e-04   3.4612735e-05   3.4711356e-05
   9.1121283e-04   4.9311348e-05   4.9473471e-05
   9.1121283e-04   4.9311348e-05   4.9473471e-05
   9.1674371e-04   4.9910484e-05   5.0075366e-05
   9.1674371e-04   4.9910484e-05   5.0075366e-05
   1.0131589e-03   6.0933340e-05   6.1151005e-05
   1.0131589e-03   6.0933340e-05   6.1151005e-05
   1.0193086e-03   6.1673525e-05   6.1894866e-05
   1.0193086e-03   6.1673525e-05   6.1894866e-05
   1.2174691e-03   8.7903392e-05   8.8264038e-05
   1.2174691e-03   8.7903392e-05   8.8264038e-05
   1.2248589e-03   8.8970726e-05   8.9337371e-05
   1.2248589e-03   8.8970726e-05   8.9337371e-05
   1.2686345e-03   9.5424725e-05   9.5828131e-05
   1.2686345e-03   9.5424725e-05   9.5828131e-05
   1.2763348e-03   9.6583254e-05   9.6993345e-05
   1.2763348e-03   9.6583254e-05   9.6993345e-05
   1.5250302e-03   1.3773240e-04   1.3839421e-04
   1.5250302e-03   1.3773240e-04   1.3839421e-04
   1.5342868e-03   1.3940359e-04   1.4007614e-04
   1.5342868e-03   1.3940359e-04   1.4007614e-04
   1.7824453e-03   1.8793107e-04   1.8892761e-04
   1.7824453e-03   1.8793107e-04   1.8892761e-04
   1.7932643e-03   1.9020988e-04   1.9122212e-04
   1.7932643e-03   1.9020988e-04   1.9122212e-04
   1.8340614e-03   1.9892532e-04   1.9999790e-04
   1.8340614e-03   1.9892532e-04   1.9999790e-04
   1.8451938e-03   2.0133712e-04   2.0242647e-04
   1.8451938e-03   2.0133712e-04   2.0242647e-04
   2.0410354e-03   2.4611711e-04   2.4752224e-04
   2.0410354e-03   2.4611711e-04   2.4752224e-04
   2.0534241e-03   2.4909927e-04   2.5052561e-04
   2.0534241e-03   2.4909927e-04   2.5052561e-04
   2.1448502e-03   2.7165577e-04   2.7324258e-04
   2.1448502e-03   2.7165577e-04   2.7324258e-04
   2.1578690e-03   2.7494629e-04   2.7655648e-04
   2.1578690e-03   2.7494629e-04   2.7655648e-04
   2.1968477e-03   2.8491516e-04   2.8659600e-04
   2.1968477e-03   2.8491516e-04   2.8659600e-04
   2.2101821e-03   2.8836569e-04   2.9007093e-04
   2.2101821e-03   2.8836569e-04   2.9007093e-04
   2.2489110e-03   2.9850371e-04   3.0028039e-04
   2.2489110e-03   2.9850371e-04   3.0028039e-04
   2.2625614e-03   3.0211816e-04   3.0392020e-04
   2.2625614e-03   3.0211816e-04   3.0392020e-04
   2.3010390e-03   3.1242193e-04   3.1429589e-04
   2.3010390e-03   3.1242193e-04   3.1429589e-04
   2.3150059e-03   3.1620420e-04   3.1810440e-04
   2.3150059e-03   3.1620420e-04   3.1810440e-04
   2.3532303e-03   3.2667019e-04   3.2864246e-04
   2.3532303e-03   3.2667019e-04   3.2864246e-04
   2.3675140e-03   3.3062420e-04   3.3262345e-04
   2.3675140e-03   3.3062420e-04   3.3262345e-04
   2.4054829e-03   3.4124868e-04   3.4331971e-04
   2.4054829e-03   3.4124868e-04   3.4331971e-04
   2.4200837e-03   3.4537834e-04   3.4747694e-04
   2.4200837e-03   3.4537834e-04   3.4747694e-04
   2.4577936e-03   3.5615727e-04   3.5832684e-04
   2.4577936e-03   3.5615727e-04   3.5832684e-04
   2.4727120e-03   3.6046651e-04   3.6266399e-04
   2.4727120e-03   3.6046651e-04   3.6266399e-04
   2.5101621e-03   3.7139654e-04   3.7366355e-04
   2.5101621e-03   3.7139654e-04   3.7366355e-04
   2.5253983e-03   3.7588927e-04   3.7818427e-04
   2.5253983e-03   3.7588927e-04   3.7818427e-04
   2.5462705e-03   3.8208701e-04   3.8442000e-04
   2.5462705e-03   3.8208701e-04   3.8442000e-04
   2.5467793e-03   3.8223874e-04   3.8457264e-04
   2.5467793e-03   3.8223874e-04   3.8457264e-04
   2.5617227e-03   3.8670751e-04   3.8906832e-04
   2.5617227e-03   3.8670751e-04   3.8906832e-04
   2.5620803e-03   3.8681474e-04   3.8917618e-04
   2.5620803e-03   3.8681474e-04   3.8917618e-04
   2.5622378e-03   3.8686199e-04   3.8922372e-04
   2.5622378e-03   3.8686199e-04   3.8922372e-04
   2.5625875e-03   3.8696689e-04   3.8932925e-04
   2.5625875e-03   3.8696689e-04   3.8932925e-04
   2.5776285e-03   3.9149213e-04   3.9388131e-04
   2.5776285e-03   3.9149213e-04   3.9388131e-04
   2.5781419e-03   3.9164705e-04   3.9403714e-04
   2.5781419e-03   3.9164705e-04   3.9403714e-04
   2.8248996e-03   4.6959544e-04   4.7239117e-04
   2.8248996e-03   4.6959544e-04   4.7239117e-04
   2.8420462e-03   4.7527062e-04   4.7809217e-04
   2.8420462e-03   4.7527062e-04   4.7809217e-04
   3.0873054e-03   5.6012566e-04   5.6328374e-04
   3.0873054e-03   5.6012566e-04   5.6328374e-04
   3.1060447e-03   5.6689189e-04   5.7007320e-04
   3.1060447e-03   5.6689189e-04   5.7007320e-04
   3.3498039e-03   6.5856284e-04   6.6201497e-04
   3.3498039e-03   6.5856284e-04   6.6201497e-04
   3.3701365e-03   6.6651620e-04   6.6998833e-04
   3.3701365e-03   6.6651620e-04   6.6998833e-04
   3.6123943e-03   7.6491218e-04   7.6859276e-04
   3.6123943e-03   7.6491218e-04   7.6859276e-04
   3.6343208e-03   7.7414877e-04   7.7784555e-04
   3.6343208e-03   7.7414877e-04   7.7784555e-04
   3.8750755e-03   8.7917875e-04   8.8302487e-04
   3.8750755e-03   8.7917875e-04   8.8302487e-04
   3.8985965e-03   8.8979476e-04   8.9365272e-04
   3.8985965e-03   8.8979476e-04   8.9365272e-04
   4.1378466e-03   1.0013675e-03   1.0053189e-03
   4.1378466e-03   1.0013675e-03   1.0053189e-03
   4.1629626e-03   1.0134592e-03   1.0174176e-03
   4.1629626e-03   1.0134592e-03   1.0174176e-03
   4.4007066e-03   1.1314834e-03   1.1354824e-03
   4.4007066e-03   1.1314834e-03   1.1354824e-03
   4.4274180e-03   1.1451470e-03   1.1491477e-03
   4.4274180e-03   1.1451470e-03   1.1491477e-03
   4.6636543e-03   1.2695312e-03   1.2735227e-03
   4.6636543e-03   1.2695312e-03   1.2735227e-03
   4.6919617e-03   1.2848629e-03   1.2888504e-03
   4.6919617e-03   1.2848629e-03   1.2888504e-03
   4.9266885e-03   1.4155154e-03   1.4194469e-03
   4.9266885e-03   1.4155154e-03   1.4194469e-03
   4.9565925e-03   1.4326117e-03   1.4365332e-03
   4.9565925e-03   1.4326117e-03   1.4365332e-03
   5.1898082e-03   1.5694406e-03   1.5732622e-03
   5.1898082e-03   1.5694406e-03   1.5732622e-03
   5.2213093e-03   1.5883978e-03   1.5922030e-03
   5.2213093e-03   1.5883978e-03   1.5922030e-03
   5.4530120e-03   1.7313112e-03   1.7349753e-03
   5.4530120e-03   1.7313112e-03   1.7349753e-03
   5.4861107e-03   1.7522258e-03   1.7558669e-03
   5.4861107e-03   1.7522258e-03   1.7558669e-03
   5.7162986e-03   1.9011313e-03   1.9045930e-03
   5.7162986e-03   1.9011313e-03   1.9045930e-03
   5.7509954e-03   1.9240997e-03   1.9275315e-03
   5.7509954e-03   1.9240997e-03   1.9275315e-03
   5.9796668e-03   2.0789050e-03   2.0821216e-03
   5.9796668e-03   2.0789050e-03   2.0821216e-03
   6.0159622e-03   2.1040238e-03   2.1072035e-03
   6.0159622e-03   2.1040238e-03   2.1072035e-03
   6.2431151e-03   2.2646363e-03   2.2675677e-03
   6.2431151e-03   2.2646363e-03   2.2675677e-03
   6.2810096e-03   2.2920020e-03   2.2948892e-03
   6.2810096e-03   2.2920020e-03   2.2948892e-03
   6.5066421e-03   2.4583288e-03   2.4609371e-03
   6.5066421e-03   2.4583288e-03   2.4609371e-03
   6.5461361e-03   2.4880381e-03   2.4905948e-03
   6.5461361e-03   2.4880381e-03   2.4905948e-03
   6.7702462e-03   2.6599861e-03   2.6622357e-03
   6.7702462e-03   2.6599861e-03   2.6622357e-03
   6.8113403e-03   2.6921355e-03   2.6943262e-03
   6.8113403e-03   2.6921355e-03   2.6943262e-03
   7.0339258e-03   2.8696116e-03   2.8714693e-03
   7.0339258e-03   2.8696116e-03   2.8714693e-03
   7.0766204e-03   2.9042978e-03   2.9060891e-03
   7.0766204e-03   2.9042978e-03   2.9060891e-03
   7.2976793e-03   3.0872084e-03   3.0886431e-03
   7.2976793e-03   3.0872084e-03   3.0886431e-03
   7.3419748e-03   3.1245282e-03   3.1258890e-03
   7.3419748e-03   3.1245282e-03   3.1258890e-03
   7.5615050e-03   3.3127795e-03   3.3137623e-03
   7.5615050e-03   3.3127795e-03   3.3137623e-03
   7.6074018e-03   3.3528295e-03   3.3537309e-03
   7.6074018e-03   3.3528295e-03   3.3537309e-03
   7.8254009e-03   3.5463276e-03   3.5468317e-03
   7.8254009e-03   3.5463276e-03   3.5468317e-03
   7.8728996e-03   3.5892046e-03   3.5896199e-03
   7.8728996e-03   3.5892046e-03   3.5896199e-03
   8.0893653e-03   3.7878552e-03   3.7878559e-03
   8.0893653e-03   3.7878552e-03   3.7878559e-03
   8.1384662e-03   3.8336560e-03   3.8335605e-03
   8.1384662e-03   3.8336560e-03   3.8335605e-03
   8.3533962e-03   4.0373645e-03   4.0368391e-03
   8.3533962e-03   4.0373645e-03   4.0368391e-03
   8.4040997e-03   4.0861859e-03   4.0855570e-03
   8.4040997e-03   4.0861859e-03   4.0855570e-03
   8.6174914e-03   4.2948575e-03   4.2937852e-03
   8.6174914e-03   4.2948575e-03   4.2937852e-03
   8.6697979e-03   4.3467963e-03   4.3456134e-03
   8.6697979e-03   4.3467963e-03   4.3456134e-03
   8.8816488e-03   4.5603359e-03   4.5586979e-03
   8.8816488e-03   4.5603359e-03   4.5586979e-03
   8.9355587e-03   4.6154890e-03   4.6137333e-03
   8.9355587e-03   4.6154890e-03   4.6137333e-03
   9.1458662e-03   4.8338010e-03   4.8315802e-03
   9.1458662e-03   4.8338010e-03   4.8315802e-03
   9.2013798e-03   4.8922652e-03   4.8899200e-03
   9.2013798e-03   4.8922652e-03   4.8899200e-03
   9.4101411e-03   5.1152539e-03   5.1124350e-03
   9.4101411e-03   5.1152539e-03   5.1124350e-03
   9.4672588e-03   5.1771262e-03   5.1741762e-03
   9.4672588e-03   5.1771262e-03   5.1741762e-03
   9.6744710e-03   5.4046953e-03   5.4012648e-03
   9.6744710e-03   5.4046953e-03   5.4012648e-03
   9.7331932e-03   5.4700726e-03   5.4665044e-03
   9.7331932e-03   5.4700726e-03   5.4665044e-03
   9.9388534e-03   5.7021256e-03   5.6980714e-03
   9.9388534e-03   5.7021256e-03   5.6980714e-03
   9.9991803e-03   5.7711047e-03   5.7669067e-03
   9.9991803e-03   5.7711047e-03   5.7669067e-03
   1.0203285e-02   6.0075448e-03   6.0028564e-03
   1.0203285e-02   6.0075448e-03   6.0028564e-03
   1.0265217e-02   6.0802227e-03   6.0753845e-03
   1.0265217e-02   6.0802227e-03   6.0753845e-03
   1.0467764e-02   6.3209523e-03   6.3156208e-03
   1.0467764e-02   6.3209523e-03   6.3156208e-03
   1.0531302e-02   6.3974260e-03   6.3919388e-03
   1.0531302e-02   6.3974260e-03   6.3919388e-03
   1.0732287e-02   6.6423474e-03   6.6363651e-03
   1.0732287e-02   6.6423474e-03   6.6363651e-03
   1.0797430e-02   6.7227138e-03   6.7165702e-03
   1.0797430e-02   6.7227138e-03   6.7165702e-03
   1.0996850e-02   6.9717286e-03   6.9650892e-03
   1.0996850e-02   6.9717286e-03   6.9650892e-03
   1.1063599e-02   7.0560846e-03   7.0492785e-03
   1.1063599e-02   7.0560846e-03   7.0492785e-03
   1.1261450e-02   7.3090942e-03   7.3017923e-03
   1.1261450e-02   7.3090942e-03   7.3017923e-03
   1.1329805e-02   7.3975367e-03   7.3900631e-03
   1.1329805e-02   7.3975367e-03   7.3900631e-03
   1.1526084e-02   7.6544417e-03   7.6464733e-03
   1.1526084e-02   7.6544417e-03   7.6464733e-03
   1.1596046e-02   7.7470677e-03   7.7389226e-03
   1.1596046e-02   7.7470677e-03   7.7389226e-03
   1.1790748e-02   8.0077681e-03   7.9991301e-03
   1.1790748e-02   8.0077681e-03   7.9991301e-03
   1.1862316e-02   8.1046746e-03   8.0958550e-03
   1.1862316e-02   8.1046746e-03   8.0958550e-03
   1.2055438e-02   8.3690700e-03   8.3597599e-03
   1.2055438e-02   8.3690700e-03   8.3597599e-03
   1.2128613e-02   8.4703537e-03   8.4608576e-03
   1.2128613e-02   8.4703537e-03   8.4608576e-03
   1.2320150e-02   8.7383430e-03   8.7283593e-03
   1.2320150e-02   8.7383430e-03   8.7283593e-03
   1.2394931e-02   8.8441009e-03   8.8339267e-03
   1.2394931e-02   8.8441009e-03   8.8339267e-03
   1.2584879e-02   9.1155822e-03   9.1049239e-03
   1.2584879e-02   9.1155822e-03   9.1049239e-03
   1.2661267e-02   9.2259111e-03   9.2150581e-03
   1.2661267e-02   9.2259111e-03   9.2150581e-03
   1.2802256e-02   9.4312812e-03   9.4200687e-03
   1.2802256e-02   9.4312812e-03   9.4200687e-03
   1.2824078e-02   9.4632707e-03   9.4520024e-03
   1.2824078e-02   9.4632707e-03   9.4520024e-03
   1.2878145e-02   9.5427583e-03   9.5313521e-03
   1.2878145e-02   9.5427583e-03   9.5313521e-03
   1.2900097e-02   9.5751249e-03   9.5636627e-03
   1.2900097e-02   9.5751249e-03   9.5636627e-03
   1.3151285e-02   9.9493838e-03   9.9372808e-03
   1.3387251e-02   1.0307474e-02   1.0294769e-02
   1.3387251e-02   1.0307474e-02   1.0294769e-02
   1.3410377e-02   1.0342909e-02   1.0330144e-02
   1.3410377e-02   1.0342909e-02   1.0330144e-02
   1.3470246e-02   1.0434923e-02   1.0422006e-02
   1.3470246e-02   1.0434923e-02   1.0422006e-02
   1.3493517e-02   1.0470798e-02   1.0457822e-02
   1.3493517e-02   1.0470798e-02   1.0457822e-02
   1.3537955e-02   1.0539478e-02   1.0526388e-02
   1.3537955e-02   1.0539478e-02   1.0526388e-02
   1.3620128e-02   1.0667063e-02   1.0653763e-02
   1.3620128e-02   1.0667063e-02   1.0653763e-02
   1.3749739e-02   1.0869860e-02   1.0856229e-02
   1.3749739e-02   1.0869860e-02   1.0856229e-02
   1.3833197e-02   1.1001450e-02   1.0987606e-02
   1.3833197e-02   1.1001450e-02   1.0987606e-02
   1.3961508e-02   1.1205302e-02   1.1191130e-02
   1.3961508e-02   1.1205302e-02   1.1191130e-02
   1.4046252e-02   1.1340960e-02   1.1326571e-02
   1.4046252e-02   1.1340960e-02   1.1326571e-02
   1.4173260e-02   1.1545799e-02   1.1531085e-02
   1.4173260e-02   1.1545799e-02   1.1531085e-02
   1.4259289e-02   1.1685585e-02   1.1670650e-02
   1.4259289e-02   1.1685585e-02   1.1670650e-02
   1.4384991e-02   1.1891345e-02   1.1876086e-02
   1.4384991e-02   1.1891345e-02   1.1876086e-02
   1.4472305e-02   1.2035321e-02   1.2019837e-02
   1.4472305e-02   1.2035321e-02   1.2019837e-02
   1.4596698e-02   1.2241932e-02   1.2226127e-02
   1.4596698e-02   1.2241932e-02   1.2226127e-02
   1.4685297e-02   1.2390160e-02   1.2374126e-02
   1.4685297e-02   1.2390160e-02   1.2374126e-02
   1.4808379e-02   1.2597555e-02   1.2581202e-02
   1.4808379e-02   1.2597555e-02   1.2581202e-02
   1.4898263e-02   1.2750096e-02   1.2733510e-02
   1.4898263e-02   1.2750096e-02   1.2733510e-02
   1.5020029e-02   1.2958207e-02   1.2941303e-02
   1.5020029e-02   1.2958207e-02   1.2941303e-02
   1.5111198e-02   1.3115123e-02   1.3097980e-02
   1.5111198e-02   1.3115123e-02   1.3097980e-02
   1.5231647e-02   1.3323883e-02   1.3306423e-02
   1.5231647e-02   1.3323883e-02   1.3306423e-02
   1.5324100e-02   1.3485236e-02   1.3467532e-02
   1.5324100e-02   1.3485236e-02   1.3467532e-02
   1.5443230e-02   1.3694577e-02   1.3676557e-02
   1.5443230e-02   1.3694577e-02   1.3676557e-02
   1.5536968e-02   1.3860427e-02   1.3842158e-02
   1.5536968e-02   1.3860427e-02   1.3842158e-02
   1.5654776e-02   1.4070282e-02   1.4051696e-02
   1.5654776e-02   1.4070282e-02   1.4051696e-02
   1.5749797e-02   1.4240692e-02   1.4221850e-02
   1.5749797e-02   1.4240692e-02   1.4221850e-02
   1.5866282e-02   1.4450992e-02   1.4431834e-02
   1.5866282e-02   1.4450992e-02   1.4431834e-02
   1.5962587e-02   1.4626023e-02   1.4606602e-02
   1.5962587e-02   1.4626023e-02   1.4606602e-02
   1.6077746e-02   1.4836702e-02   1.4816965e-02
   1.6077746e-02   1.4836702e-02   1.4816965e-02
   1.6175335e-02   1.5016415e-02   1.4996407e-02
   1.6175335e-02   1.5016415e-02   1.4996407e-02
   1.6289166e-02   1.5227406e-02   1.5207080e-02
   1.6289166e-02   1.5227406e-02   1.5207080e-02
   1.6388038e-02   1.5411863e-02   1.5391259e-02
   1.6388038e-02   1.5411863e-02   1.5391259e-02
   1.6500540e-02   1.5623098e-02   1.5602174e-02
   1.6500540e-02   1.5623098e-02   1.5602174e-02
   1.6600695e-02   1.5812359e-02   1.5791149e-02
   1.6600695e-02   1.5812359e-02   1.5791149e-02
   1.6711866e-02   1.6023772e-02   1.6002240e-02
   1.6711866e-02   1.6023772e-02   1.6002240e-02
   1.6813303e-02   1.6217899e-02   1.6196071e-02
   1.6813303e-02   1.6217899e-02   1.6196071e-02
   1.6923142e-02   1.6429422e-02   1.6407270e-02
   1.6923142e-02   1.6429422e-02   1.6407270e-02
   1.7025862e-02   1.6628476e-02   1.6606018e-02
   1.7025862e-02   1.6628476e-02   1.6606018e-02
   1.7134367e-02   1.6840043e-02   1.6817257e-02
   1.7134367e-02   1.6840043e-02   1.6817257e-02
   1.7238369e-02   1.7044085e-02   1.7020982e-02
   1.7238369e-02   1.7044085e-02   1.7020982e-02
   1.7345538e-02   1.7255628e-02   1.7232195e-02
   1.7345538e-02   1.7255628e-02   1.7232195e-02
   1.7450822e-02   1.7464720e-02   1.7440958e-02
   1.7450822e-02   1.7464720e-02   1.7440958e-02
   1.7556655e-02   1.7676173e-02   1.7652076e-02
   1.7556655e-02   1.7676173e-02   1.7652076e-02
   1.7663220e-02   1.7890375e-02   1.7865937e-02
   1.7663220e-02   1.7890375e-02   1.7865937e-02
   1.7767715e-02   1.8101671e-02   1.8076894e-02
   1.7767715e-02   1.8101671e-02   1.8076894e-02
   1.7875562e-02   1.8321044e-02   1.8295913e-02
   1.7875562e-02   1.8321044e-02   1.8295913e-02
   1.7978718e-02   1.8532116e-02   1.8506641e-02
   1.7978718e-02   1.8532116e-02   1.8506641e-02
   1.8087845e-02   1.8756722e-02   1.8730878e-02
   1.8087845e-02   1.8756722e-02   1.8730878e-02
   1.8189662e-02   1.8967504e-02   1.8941311e-02
   1.8189662e-02   1.8967504e-02   1.8941311e-02
   1.8300069e-02   1.9197403e-02   1.9170826e-02
   1.8300069e-02   1.9197403e-02   1.9170826e-02
   1.8400545e-02   1.9407828e-02   1.9380896e-02
   1.8400545e-02   1.9407828e-02   1.9380896e-02
   1.8512233e-02   1.9643082e-02   1.9615749e-02
   1.8512233e-02   1.9643082e-02   1.9615749e-02
   1.8611367e-02   1.9853083e-02   1.9825389e-02
   1.8611367e-02   1.9853083e-02   1.9825389e-02
   1.8724334e-02   2.0093752e-02   2.0065640e-02
   1.8724334e-02   2.0093752e-02   2.0065640e-02
   1.8822125e-02   2.0303263e-02   2.0274784e-02
   1.8822125e-02   2.0303263e-02   2.0274784e-02
   1.8936372e-02   2.0549408e-02   2.0520492e-02
   1.8936372e-02   2.0549408e-02   2.0520492e-02
   1.9032820e-02   2.0758363e-02   2.0729073e-02
   1.9032820e-02   2.0758363e-02   2.0729073e-02
   1.9148345e-02   2.1010045e-02   2.0980299e-02
   1.9148345e-02   2.1010045e-02   2.0980299e-02
   1.9243449e-02   2.1218378e-02   2.1188250e-02
   1.9243449e-02   2.1218378e-02   2.1188250e-02
   1.9360253e-02   2.1475656e-02   2.1445052e-02
   1.9360253e-02   2.1475656e-02   2.1445052e-02
   1.9454012e-02   2.1683301e-02   2.1652307e-02
   1.9454012e-02   2.1683301e-02   2.1652307e-02
   1.9572094e-02   2.1946237e-02   2.1914744e-02
   1.9572094e-02   2.1946237e-02   2.1914744e-02
   1.9664508e-02   2.2153127e-02   2.2121237e-02
   1.9664508e-02   2.2153127e-02   2.2121237e-02
   1.9783868e-02   2.2421782e-02   2.2389369e-02
   1.9783868e-02   2.2421782e-02   2.2389369e-02
   1.9874935e-02   2.2627851e-02   2.2595033e-02
   1.9874935e-02   2.2627851e-02   2.2595033e-02
   1.9995572e-02   2.2902286e-02   2.2868920e-02
   1.9995572e-02   2.2902286e-02   2.2868920e-02
   2.0000000e-02   2.2912390e-02   2.2879004e-02
   2.0022139e-02   2.2962916e-02   2.2929428e-02
   2.0095896e-02   2.3131226e-02   2.3097397e-02
   2.0095896e-02   2.3131226e-02   2.3097397e-02
   2.0206592e-02   2.3383776e-02   2.3349426e-02
   2.0317288e-02   2.3636262e-02   2.3601382e-02
   2.0538680e-02   2.4141040e-02   2.4105071e-02
   2.0981463e-02   2.5149824e-02   2.5111563e-02
   2.1867031e-02   2.7164302e-02   2.7121003e-02
   2.2714294e-02   2.9087785e-02   2.9039103e-02
   2.2714294e-02   2.9087785e-02   2.9039103e-02
   2.4485428e-02   3.3096448e-02   3.3034760e-02
   2.4663412e-02   3.3498370e-02   3.3435245e-02
   2.4663412e-02   3.3498370e-02   3.3435245e-02
   2.6434547e-02   3.7488795e-02   3.7410097e-02
   2.7254253e-02   3.9329998e-02   3.9243316e-02
   2.7254253e-02   3.9329998e-02   3.9243316e-02
   2.7552934e-02   4.0000000e-02   3.9910288e-02
   2.7552934e-02   4.0000000e-02   3.9910288e-02
   2.7661001e-02   4.0242300e-02   4.0151476e-02
   2.7661001e-02   4.0242300e-02   4.0151476e-02
   2.7769068e-02   4.0484538e-02   4.0392593e-02
   2.7877134e-02   4.0726714e-02   4.0633640e-02
   2.8093268e-02   4.1210880e-02   4.1115524e-02
   2.8525536e-02   4.2178467e-02   4.2078445e-02
   2.9199168e-02   4.3684343e-02   4.3576786e-02
   2.9199168e-02   4.3684343e-02   4.3576786e-02
   3.0063704e-02   4.5613438e-02   4.5495741e-02
   3.0928239e-02   4.7538551e-02   4.7410192e-02
   3.1762644e-02   4.9392789e-02   4.9253649e-02
   3.1762644e-02   4.9392789e-02   4.9253649e-02
   3.3491715e-02   5.3223334e-02   5.3060342e-02
   3.3704073e-02   5.3692684e-02   5.3526623e-02
   3.3704073e-02   5.3692684e-02   5.3526623e-02
   3.5433144e-02   5.7505249e-02   5.7313085e-02
   3.6240370e-02   5.9279668e-02   5.9074646e-02
   3.6240370e-02   5.9279668e-02   5.9074646e-02
   3.7969441e-02   6.3068662e-02   6.2834678e-02
   3.8179027e-02   6.3526842e-02   6.3289218e-02
   3.8179027e-02   6.3526842e-02   6.3289218e-02
   3.9908098e-02   6.7297760e-02   6.7029049e-02
   4.0688325e-02   6.8994061e-02   6.8710714e-02
   4.0688325e-02   6.8994061e-02   6.8710714e-02
   4.2417397e-02   7.2741505e-02   7.2424397e-02
   4.2624919e-02   7.3190182e-02   7.2868900e-02
   4.2624919e-02   7.3190182e-02   7.2868900e-02
   4.4353990e-02   7.6919449e-02   7.6562403e-02
   4.5107395e-02   7.8539308e-02   7.8166129e-02
   4.5107395e-02   7.8539308e-02   7.8166129e-02
   4.5788007e-02   8.0000000e-02   7.9611965e-02
   4.5788007e-02   8.0000000e-02   7.9611965e-02
   4.6017270e-02   8.0491464e-02   8.0098365e-02
   4.6017270e-02   8.0491464e-02   8.0098365e-02
   4.6246534e-02   8.0982641e-02   8.0584448e-02
   4.6475797e-02   8.1473531e-02   8.1070214e-02
   4.6934324e-02   8.2454451e-02   8.2040796e-02
   4.7042633e-02   8.2685987e-02   8.2269873e-02
   4.7042633e-02   8.2685987e-02   8.2269873e-02
   4.7959687e-02   8.4643837e-02   8.4206637e-02
   4.8876740e-02   8.6597086e-02   8.6138334e-02
   4.9498456e-02   8.7918670e-02   8.7445042e-02
   4.9498456e-02   8.7918670e-02   8.7445042e-02
   5.1332563e-02   9.1805084e-02   9.1286357e-02
   5.1433044e-02   9.2017466e-02   9.1496216e-02
   5.1433044e-02   9.2017466e-02   9.1496216e-02
   5.3267152e-02   9.5884374e-02   9.5316147e-02
   5.3862379e-02   9.7135329e-02   9.6551481e-02
   5.3862379e-02   9.7135329e-02   9.6551481e-02
   5.5696487e-02   1.0097767e-01   1.0034456e-01
   5.5797024e-02   1.0118775e-01   1.0055189e-01
   5.5797024e-02   1.0118775e-01   1.0055189e-01
   5.7631131e-02   1.0501046e-01   1.0432359e-01
   5.8200030e-02   1.0619240e-01   1.0548936e-01
   5.8200030e-02   1.0619240e-01   1.0548936e-01
   6.0034138e-02   1.0999066e-01   1.0923449e-01
   6.0135439e-02   1.1019990e-01   1.0944075e-01
   6.0135439e-02   1.1019990e-01   1.0944075e-01
   6.1969546e-02   1.1397842e-01   1.1316449e-01
   6.2512271e-02   1.1509291e-01   1.1426248e-01
   6.2512271e-02   1.1509291e-01   1.1426248e-01
   6.4346378e-02   1.1884710e-01   1.1795995e-01
   6.4449154e-02   1.1905692e-01   1.1816654e-01
   6.4449154e-02   1.1905692e-01   1.1816654e-01
   6.4911477e-02   1.2000000e-01   1.1909507e-01
   6.4911477e-02   1.2000000e-01   1.1909507e-01
   6.5278530e-02   1.2074789e-01   1.1983135e-01
   6.5278530e-02   1.2074789e-01   1.1983135e-01
   6.5645584e-02   1.2149503e-01   1.2056681e-01
   6.6012638e-02   1.2224142e-01   1.2130147e-01
   6.6746745e-02   1.2373192e-01   1.2276833e-01
   6.6799960e-02   1.2383984e-01   1.2287454e-01
   6.6799960e-02   1.2383984e-01   1.2287454e-01
   6.8268175e-02   1.2681133e-01   1.2579806e-01
   6.8739032e-02   1.2776172e-01   1.2673289e-01
   6.8739032e-02   1.2776172e-01   1.2673289e-01
   7.0207246e-02   1.3071719e-01   1.2963926e-01
   7.1063957e-02   1.3243611e-01   1.3132913e-01
   7.1063957e-02   1.3243611e-01   1.3132913e-01
   7.2532171e-02   1.3537232e-01   1.3421493e-01
   7.3005937e-02   1.3631719e-01   1.3514335e-01
   7.3005937e-02   1.3631719e-01   1.3514335e-01
   7.4474152e-02   1.3923728e-01   1.3801196e-01
   7.5305119e-02   1.4088455e-01   1.3962975e-01
   7.5305119e-02   1.4088455e-01   1.3962975e-01
   7.6692501e-02   1.4362610e-01   1.4232155e-01
   7.6692501e-02   1.4362610e-01   1.4232155e-01
   7.7250736e-02   1.4472612e-01   1.4340136e-01
   7.7250736e-02   1.4472612e-01   1.4340136e-01
   7.7457725e-02   1.4513355e-01   1.4380127e-01
   7.7457725e-02   1.4513355e-01   1.4380127e-01
   7.7664715e-02   1.4554074e-01   1.4420092e-01
   7.7871705e-02   1.4594768e-01   1.4460031e-01
   7.8285685e-02   1.4676084e-01   1.4539833e-01
   7.9113645e-02   1.4838422e-01   1.4699125e-01
   7.9379457e-02   1.4890457e-01   1.4750178e-01
   7.9379457e-02   1.4890457e-01   1.4750178e-01
   7.9524308e-02   1.4918795e-01   1.4777980e-01
   7.9524308e-02   1.4918795e-01   1.4777980e-01
   7.9669158e-02   1.4947122e-01   1.4805770e-01
   7.9814009e-02   1.4975437e-01   1.4833547e-01
   8.0103710e-02   1.5032031e-01   1.4889063e-01
   8.0253636e-02   1.5061300e-01   1.4917775e-01
   8.0253636e-02   1.5061300e-01   1.4917775e-01
   8.0833038e-02   1.5174295e-01   1.5028603e-01
   8.0964985e-02   1.5200000e-01   1.5053814e-01
   8.0964985e-02   1.5200000e-01   1.5053814e-01
   8.1457436e-02   1.5295849e-01   1.5147812e-01
   8.1457436e-02   1.5295849e-01   1.5147812e-01
   8.1949886e-02   1.5391561e-01   1.5241664e-01
   8.2442336e-02   1.5487134e-01   1.5335369e-01
   8.3427237e-02   1.5677866e-01   1.5522343e-01
   8.5097178e-02   1.6000000e-01   1.5838027e-01
   8.5097178e-02   1.6000000e-01   1.5838027e-01
   8.5623369e-02   1.6101175e-01   1.5937150e-01
   8.5623369e-02   1.6101175e-01   1.5937150e-01
   8.6149560e-02   1.6202193e-01   1.6036106e-01
   8.6675751e-02   1.6303054e-01   1.6134895e-01
   8.7728132e-02   1.6504307e-01   1.6331972e-01
   8.9280339e-02   1.6800000e-01   1.6621432e-01
   8.9280339e-02   1.6800000e-01   1.6621432e-01
   8.9841224e-02   1.6906513e-01   1.6725671e-01
   8.9841224e-02   1.6906513e-01   1.6725671e-01
   9.0402109e-02   1.7012849e-01   1.6829719e-01
   9.0962994e-02   1.7119008e-01   1.6933579e-01
   9.2084764e-02   1.7330793e-01   1.7140728e-01
   9.3516119e-02   1.7600000e-01   1.7403946e-01
   9.3516119e-02   1.7600000e-01   1.7403946e-01
   9.4112703e-02   1.7711865e-01   1.7513289e-01
   9.4112703e-02   1.7711865e-01   1.7513289e-01
   9.4709288e-02   1.7823530e-01   1.7622418e-01
   9.5305872e-02   1.7934996e-01   1.7731333e-01
   9.6499041e-02   1.8157330e-01   1.7948519e-01
   9.7806251e-02   1.8400000e-01   1.8185478e-01
   9.7806251e-02   1.8400000e-01   1.8185478e-01
   9.8439596e-02   1.8517231e-01   1.8299914e-01
   9.8439596e-02   1.8517231e-01   1.8299914e-01
   9.9072941e-02   1.8634238e-01   1.8414109e-01
   9.9706286e-02   1.8751022e-01   1.8528063e-01
   1.0097298e-01   1.8983920e-01   1.8755244e-01
   1.0215256e-01   1.9200000e-01   1.8965933e-01
   1.0215256e-01   1.9200000e-01   1.8965933e-01
   1.0282379e-01   1.9322613e-01   1.9085448e-01
   1.0282379e-01   1.9322613e-01   1.9085448e-01
   1.0349501e-01   1.9444976e-01   1.9204692e-01
   1.0416624e-01   1.9567089e-01   1.9323665e-01
   1.0550869e-01   1.9810569e-01   1.9560795e-01
   1.0655696e-01   2.0000000e-01   1.9745206e-01
   1.0655696e-01   2.0000000e-01   1.9745206e-01
   1.0726726e-01   2.0128012e-01   1.9869784e-01
   1.0726726e-01   2.0128012e-01   1.9869784e-01
   1.0797756e-01   2.0255745e-01   1.9994058e-01
   1.0868785e-01   2.0383201e-01   2.0118028e-01
   1.1010844e-01   2.0637281e-01   2.0365056e-01
   1.1102150e-01   2.0800000e-01   2.0523186e-01
   1.1102150e-01   2.0800000e-01   2.0523186e-01
   1.1177212e-01   2.0933429e-01   2.0652808e-01
   1.1177212e-01   2.0933429e-01   2.0652808e-01
   1.1252274e-01   2.1066549e-01   2.0782090e-01
   1.1327336e-01   2.1199361e-01   2.0911033e-01
   1.1477460e-01   2.1464061e-01   2.1167900e-01
   1.1554830e-01   2.1600000e-01   2.1299752e-01
   1.1554830e-01   2.1600000e-01   2.1299752e-01
   1.1634057e-01   2.1738865e-01   2.1434396e-01
   1.1634057e-01   2.1738865e-01   2.1434396e-01
   1.1713285e-01   2.1877389e-01   2.1568662e-01
   1.1792513e-01   2.2015572e-01   2.1702549e-01
   1.1950968e-01   2.2290915e-01   2.1969190e-01
   1.2013963e-01   2.2400000e-01   2.2074773e-01
   1.2013963e-01   2.2400000e-01   2.2074773e-01
   1.2097498e-01   2.2544323e-01   2.2214415e-01
   1.2097498e-01   2.2544323e-01   2.2214415e-01
   1.2181033e-01   2.2688270e-01   2.2353636e-01
   1.2264568e-01   2.2831839e-01   2.2492437e-01
   1.2431638e-01   2.3117849e-01   2.2768777e-01
   1.2479789e-01   2.3200000e-01   2.2848108e-01
   1.2479789e-01   2.3200000e-01   2.2848108e-01
   1.2567782e-01   2.3349804e-01   2.2992720e-01
   1.2567782e-01   2.3349804e-01   2.2992720e-01
   1.2655774e-01   2.3499193e-01   2.3136865e-01
   1.2743767e-01   2.3648166e-01   2.3280543e-01
   1.2919753e-01   2.3944868e-01   2.3566500e-01
   1.2952563e-01   2.4000000e-01   2.3619606e-01
   1.2952563e-01   2.4000000e-01   2.3619606e-01
   1.3045174e-01   2.4155310e-01   2.3769156e-01
   1.3045174e-01   2.4155310e-01   2.3769156e-01
   1.3137785e-01   2.4310162e-01   2.3918189e-01
   1.3230396e-01   2.4464558e-01   2.4066705e-01
   1.3415618e-01   2.4771980e-01   2.4362186e-01
   1.3432555e-01   2.4800000e-01   2.4389102e-01
   1.3432555e-01   2.4800000e-01   2.4389102e-01
   1.3529955e-01   2.4960842e-01   2.4543554e-01
   1.3529955e-01   2.4960842e-01   2.4543554e-01
   1.3627355e-01   2.5121181e-01   2.4697434e-01
   1.3724755e-01   2.5281019e-01   2.4850743e-01
   1.3919556e-01   2.5599191e-01   2.5155644e-01
   1.3920052e-01   2.5600000e-01   2.5156419e-01
   1.3920052e-01   2.5600000e-01   2.5156419e-01
   1.4022425e-01   2.5766403e-01   2.5315732e-01
   1.4022425e-01   2.5766403e-01   2.5315732e-01
   1.4124797e-01   2.5932254e-01   2.5474414e-01
   1.4227169e-01   2.6097555e-01   2.5632464e-01
   1.4415363e-01   2.6400000e-01   2.5921364e-01
   1.4415363e-01   2.6400000e-01   2.5921364e-01
   1.4522903e-01   2.6571995e-01   2.6085493e-01
   1.4522903e-01   2.6571995e-01   2.6085493e-01
   1.4630443e-01   2.6743385e-01   2.6248924e-01
   1.4737983e-01   2.6914173e-01   2.6411659e-01
   1.4918814e-01   2.7200000e-01   2.6683730e-01
   1.4918814e-01   2.7200000e-01   2.6683730e-01
   1.5031732e-01   2.7377620e-01   2.6852621e-01
   1.5031732e-01   2.7377620e-01   2.6852621e-01
   1.5144649e-01   2.7554578e-01   2.7020744e-01
   1.5257567e-01   2.7730877e-01   2.7188099e-01
   1.5430757e-01   2.8000000e-01   2.7443289e-01
   1.5430757e-01   2.8000000e-01   2.7443289e-01
   1.5549277e-01   2.8183281e-01   2.7616885e-01
   1.5549277e-01   2.8183281e-01   2.7616885e-01
   1.5667798e-01   2.8365839e-01   2.7789634e-01
   1.5786319e-01   2.8547675e-01   2.7961536e-01
   1.5951567e-01   2.8800000e-01   2.8199798e-01
   1.5951567e-01   2.8800000e-01   2.8199798e-01
   1.6075933e-01   2.8988980e-01   2.8378030e-01
   1.6075933e-01   2.8988980e-01   2.8378030e-01
   1.6200300e-01   2.9177171e-01   2.8555331e-01
   1.6324667e-01   2.9364574e-01   2.8731699e-01
   1.6481648e-01   2.9600000e-01   2.8952988e-01
   1.6481648e-01   2.9600000e-01   2.8952988e-01
   1.6612123e-01   2.9794722e-01   2.9135782e-01
   1.6612123e-01   2.9794722e-01   2.9135782e-01
   1.6742598e-01   2.9988582e-01   2.9317550e-01
   1.6873073e-01   3.0181582e-01   2.9498292e-01
   1.7021437e-01   3.0400000e-01   2.9702569e-01
   1.7021437e-01   3.0400000e-01   2.9702569e-01
   1.7158303e-01   3.0600509e-01   2.9889838e-01
   1.7158303e-01   3.0600509e-01   2.9889838e-01
   1.7295170e-01   3.0800077e-01   3.0075979e-01
   1.7432036e-01   3.0998706e-01   3.0260991e-01
   1.7571402e-01   3.1200000e-01   3.0448222e-01
   1.7571402e-01   3.1200000e-01   3.0448222e-01
   1.7714968e-01   3.1406345e-01   3.0639870e-01
   1.7714968e-01   3.1406345e-01   3.0639870e-01
   1.7858534e-01   3.1611664e-01   3.0830277e-01
   1.8002099e-01   3.1815957e-01   3.1019441e-01
   1.8132054e-01   3.2000000e-01   3.1189600e-01
   1.8132054e-01   3.2000000e-01   3.1189600e-01
   1.8282653e-01   3.2212234e-01   3.1385517e-01
   1.8282653e-01   3.2212234e-01   3.1385517e-01
   1.8433252e-01   3.2423348e-01   3.1580067e-01
   1.8583851e-01   3.2633344e-01   3.1773251e-01
   1.8703943e-01   3.2800000e-01   3.1926321e-01
   1.8703943e-01   3.2800000e-01   3.1926321e-01
   1.8861940e-01   3.3018181e-01   3.2126382e-01
   1.8861940e-01   3.3018181e-01   3.2126382e-01
   1.9019938e-01   3.3235139e-01   3.2324939e-01
   1.9091741e-01   3.3333333e-01   3.2414677e-01
   1.9091741e-01   3.3333333e-01   3.2414677e-01
   1.9249738e-01   3.3548517e-01   3.2611045e-01
   1.9254889e-01   3.3555512e-01   3.2617422e-01
   1.9254889e-01   3.3555512e-01   3.2617422e-01
   1.9287672e-01   3.3600000e-01   3.2657968e-01
   1.9287672e-01   3.3600000e-01   3.2657968e-01
   1.9320455e-01   3.3644435e-01   3.2698449e-01
   1.9353238e-01   3.3688818e-01   3.2738866e-01
   1.9418804e-01   3.3777425e-01   3.2819504e-01
   1.9453467e-01   3.3824184e-01   3.2862031e-01
   1.9453467e-01   3.3824184e-01   3.2862031e-01
   1.9584599e-01   3.4000547e-01   3.3022256e-01
   1.9715731e-01   3.4176069e-01   3.3181446e-01
   1.9883950e-01   3.4400000e-01   3.3384141e-01
   1.9883950e-01   3.4400000e-01   3.3384141e-01
   2.0057981e-01   3.4630211e-01   3.3592044e-01
   2.0057981e-01   3.4630211e-01   3.3592044e-01
   2.0232012e-01   3.4858939e-01   3.3798121e-01
   2.0406043e-01   3.5086183e-01   3.4002374e-01
   2.0493637e-01   3.5200000e-01   3.4104489e-01
   2.0493637e-01   3.5200000e-01   3.4104489e-01
   2.0676394e-01   3.5436256e-01   3.4316053e-01
   2.0676394e-01   3.5436256e-01   3.4316053e-01
   2.0859151e-01   3.5670873e-01   3.4525605e-01
   2.1041909e-01   3.5903852e-01   3.4733143e-01
   2.1117708e-01   3.6000000e-01   3.4818630e-01
   2.1117708e-01   3.6000000e-01   3.4818630e-01
   2.1309739e-01   3.6242320e-01   3.5033654e-01
   2.1309739e-01   3.6242320e-01   3.5033654e-01
   2.1501770e-01   3.6482829e-01   3.5246455e-01
   2.1693801e-01   3.6721525e-01   3.5457034e-01
   2.1757255e-01   3.6800000e-01   3.5526129e-01
   2.1757255e-01   3.6800000e-01   3.5526129e-01
   2.1959178e-01   3.7048405e-01   3.5744385e-01
   2.1959178e-01   3.7048405e-01   3.5744385e-01
   2.2161100e-01   3.7294802e-01   3.5960185e-01
   2.2363022e-01   3.7539193e-01   3.6173527e-01
   2.2413523e-01   3.7600000e-01   3.6226499e-01
   2.2413523e-01   3.7600000e-01   3.6226499e-01
   2.2626036e-01   3.7854510e-01   3.6447730e-01
   2.2626036e-01   3.7854510e-01   3.6447730e-01
   2.2838549e-01   3.8106794e-01   3.6666240e-01
   2.3051062e-01   3.8356849e-01   3.6882027e-01
   2.3087927e-01   3.8400000e-01   3.6919183e-01
   2.3087927e-01   3.8400000e-01   3.6919183e-01
   2.3311830e-01   3.8660639e-01   3.7143094e-01
   2.3311830e-01   3.8660639e-01   3.7143094e-01
   2.3535732e-01   3.8918801e-01   3.7363983e-01
   2.3759635e-01   3.9174487e-01   3.7581851e-01
   2.3782096e-01   3.9200000e-01   3.7603540e-01
   2.3782096e-01   3.9200000e-01   3.7603540e-01
   2.4018306e-01   3.9466793e-01   3.7829789e-01
   2.4018306e-01   3.9466793e-01   3.7829789e-01
   2.4254517e-01   3.9730825e-01   3.8052676e-01
   2.4490728e-01   3.9992097e-01   3.8272201e-01
   2.4497912e-01   4.0000000e-01   3.8278825e-01
   2.4497912e-01   4.0000000e-01   3.8278825e-01
   2.4747497e-01   4.0272975e-01   3.8507017e-01
   2.4747497e-01   4.0272975e-01   3.8507017e-01
   2.4997083e-01   4.0542863e-01   3.8731456e-01
   2.5246668e-01   4.0809664e-01   3.8952140e-01
   2.5745838e-01   4.1333993e-01   3.9382246e-01
   2.6495533e-01   4.2098223e-01   4.0000000e-01
   2.6495533e-01   4.2098223e-01   4.0000000e-01
   2.6799665e-01   4.2400284e-01   4.0240950e-01
   2.6799665e-01   4.2400284e-01   4.0240950e-01
   2.7103797e-01   4.2697741e-01   4.0476325e-01
   2.7407930e-01   4.2990593e-01   4.0706126e-01
   2.8016194e-01   4.3562467e-01   4.1149004e-01
   2.8495392e-01   4.4000000e-01   4.1482206e-01
   2.8495392e-01   4.4000000e-01   4.1482206e-01
   2.8836428e-01   4.4304402e-01   4.1710911e-01
   2.8836428e-01   4.4304402e-01   4.1710911e-01
   2.9177465e-01   4.4602994e-01   4.1932606e-01
   2.9518501e-01   4.4895772e-01   4.2147292e-01
   3.0200574e-01   4.5463871e-01   4.2555635e-01
   3.1564719e-01   4.6530148e-01   4.3288209e-01
   3.3681881e-01   4.8000000e-01   4.4203072e-01
   3.3681881e-01   4.8000000e-01   4.4203072e-01
   3.4219409e-01   4.8337295e-01   4.4392347e-01
   3.4219409e-01   4.8337295e-01   4.4392347e-01
   3.4266920e-01   4.8366408e-01   4.4408239e-01
   3.4266920e-01   4.8366408e-01   4.4408239e-01
   3.4267742e-01   4.8366911e-01   4.4408513e-01
   3.4267742e-01   4.8366911e-01   4.4408513e-01
   3.4277774e-01   4.8373043e-01   4.4411851e-01
   3.4287806e-01   4.8379171e-01   4.4415183e-01
   3.4307871e-01   4.8391410e-01   4.4421828e-01
   3.4348001e-01   4.8415829e-01   4.4435046e-01
   3.4428260e-01   4.8464423e-01   4.4461191e-01
   3.4588778e-01   4.8560637e-01   4.4512317e-01
   3.4909815e-01   4.8749170e-01   4.4609909e-01
   3.5551888e-01   4.9110646e-01   4.4786459e-01
   3.5903358e-01   4.9299711e-01   4.4872579e-01
   3.5903358e-01   4.9299711e-01   4.4872579e-01
   3.5932531e-01   4.9315124e-01   4.4879393e-01
   3.5932531e-01   4.9315124e-01   4.4879393e-01
   3.5961704e-01   4.9330493e-01   4.4886155e-01
   3.5990877e-01   4.9345820e-01   4.4892866e-01
   3.6049223e-01   4.9376345e-01   4.4906135e-01
   3.6165915e-01   4.9436879e-01   4.4932056e-01
   3.6399299e-01   4.9555885e-01   4.4981436e-01
   3.6866067e-01   4.9785645e-01   4.5070348e-01
   3.7799604e-01   5.0212142e-01   4.5208782e-01
   3.8838558e-01   5.0634992e-01   4.5301094e-01
   3.8838558e-01   5.0634992e-01   4.5301094e-01
   3.8856398e-01   5.0641776e-01   4.5302111e-01
   3.8856398e-01   5.0641776e-01   4.5302111e-01
   3.8874239e-01   5.0648544e-01   4.5303109e-01
   3.8892079e-01   5.0655295e-01   4.5304088e-01
   3.8927760e-01   5.0668751e-01   4.5305987e-01
   3.8999121e-01   5.0695468e-01   4.5309557e-01
   3.9141843e-01   5.0748132e-01   4.5315775e-01
   3.9179156e-01   5.0761731e-01   4.5317198e-01
   3.9179156e-01   5.0761731e-01   4.5317198e-01
   3.9248986e-01   5.0786993e-01   4.5319636e-01
   3.9248986e-01   5.0786993e-01   4.5319636e-01
   3.9318815e-01   5.0812009e-01   4.5321780e-01
   3.9388645e-01   5.0836780e-01   4.5323630e-01
   3.9528304e-01   5.0885586e-01   4.5326449e-01
   3.9781207e-01   5.0971481e-01   4.5328562e-01
   3.9781207e-01   5.0971481e-01   4.5328562e-01
   3.9793384e-01   5.0975536e-01   4.5328566e-01
   3.9793384e-01   5.0975536e-01   4.5328566e-01
   3.9794534e-01   5.0975918e-01   4.5328566e-01
   3.9794534e-01   5.0975918e-01   4.5328566e-01
   3.9804566e-01   5.0979253e-01   4.5328563e-01
   3.9814599e-01   5.0982582e-01   4.5328553e-01
   3.9834664e-01   5.0989227e-01   4.5328515e-01
   3.9847404e-01   5.0993435e-01   4.5328479e-01
   3.9847404e-01   5.0993435e-01   4.5328479e-01
   3.9887534e-01   5.1006638e-01   4.5328301e-01
   3.9927664e-01   5.1019760e-01   4.5328027e-01
   4.0007923e-01   5.1045763e-01   4.5327197e-01
   4.0168441e-01   5.1096808e-01   4.5324417e-01
   4.0388200e-01   5.1164615e-01   4.5318253e-01
   4.0388200e-01   5.1164615e-01   4.5318253e-01
   4.0450736e-01   5.1183472e-01   4.5316012e-01
   4.0450736e-01   5.1183472e-01   4.5316012e-01
   4.0510210e-01   5.1201227e-01   4.5313683e-01
   4.0510210e-01   5.1201227e-01   4.5313683e-01
   4.0569685e-01   5.1218807e-01   4.5311164e-01
   4.0572010e-01   5.1219490e-01   4.5311062e-01
   4.0572010e-01   5.1219490e-01   4.5311062e-01
   4.0631484e-01   5.1236888e-01   4.5308347e-01
   4.0632414e-01   5.1237159e-01   4.5308303e-01
   4.0632414e-01   5.1237159e-01   4.5308303e-01
   4.0691889e-01   5.1254380e-01   4.5305398e-01
   4.0693476e-01   5.1254837e-01   4.5305318e-01
   4.0693476e-01   5.1254837e-01   4.5305318e-01
   4.0752951e-01   5.1271878e-01   4.5302222e-01
   4.0754819e-01   5.1272411e-01   4.5302122e-01
   4.0754819e-01   5.1272411e-01   4.5302122e-01
   4.0814294e-01   5.1289272e-01   4.5298836e-01
   4.0815142e-01   5.1289512e-01   4.5298788e-01
   4.0815142e-01   5.1289512e-01   4.5298788e-01
   4.0874617e-01   5.1306196e-01   4.5295317e-01
   4.0877434e-01   5.1306982e-01   4.5295148e-01
   4.0877434e-01   5.1306982e-01   4.5295148e-01
   4.0936909e-01   5.1323485e-01   4.5291488e-01
   4.0937017e-01   5.1323515e-01   4.5291481e-01
   4.0937017e-01   5.1323515e-01   4.5291481e-01
   4.0996492e-01   5.1339843e-01   4.5287640e-01
   4.1000267e-01   5.1340873e-01   4.5287390e-01
   4.1000267e-01   5.1340873e-01   4.5287390e-01
   4.1059110e-01   5.1356846e-01   4.5283403e-01
   4.1059110e-01   5.1356846e-01   4.5283403e-01
   4.1117952e-01   5.1372648e-01   4.5279243e-01
   4.1123309e-01   5.1374079e-01   4.5278856e-01
   4.1123309e-01   5.1374079e-01   4.5278856e-01
   4.1181409e-01   5.1389500e-01   4.5274564e-01
   4.1181409e-01   5.1389500e-01   4.5274564e-01
   4.1239510e-01   5.1404756e-01   4.5270106e-01
   4.1246548e-01   5.1406592e-01   4.5269554e-01
   4.1246548e-01   5.1406592e-01   4.5269554e-01
   4.1303905e-01   5.1421471e-01   4.5264971e-01
   4.1303905e-01   5.1421471e-01   4.5264971e-01
   4.1361261e-01   5.1436189e-01   4.5260228e-01
   4.1369993e-01   5.1438415e-01   4.5259492e-01
   4.1369993e-01   5.1438415e-01   4.5259492e-01
   4.1411189e-01   5.1448869e-01   4.5255970e-01
   4.1411189e-01   5.1448869e-01   4.5255970e-01
   4.1426605e-01   5.1452759e-01   4.5254631e-01
   4.1426605e-01   5.1452759e-01   4.5254631e-01
   4.1442021e-01   5.1456638e-01   4.5253280e-01
   4.1457437e-01   5.1460506e-01   4.5251918e-01
   4.1467552e-01   5.1463037e-01   4.5251019e-01
   4.1467552e-01   5.1463037e-01   4.5251019e-01
   4.1493373e-01   5.1469476e-01   4.5248700e-01
   4.1493373e-01   5.1469476e-01   4.5248700e-01
   4.1519194e-01   5.1475883e-01   4.5246349e-01
   4.1545015e-01   5.1482256e-01   4.5243967e-01
   4.1549241e-01   5.1483296e-01   4.5243574e-01
   4.1549241e-01   5.1483296e-01   4.5243574e-01
   4.1600883e-01   5.1495935e-01   4.5238705e-01
   4.1615787e-01   5.1499558e-01   4.5237277e-01
   4.1615787e-01   5.1499558e-01   4.5237277e-01
   4.1667429e-01   5.1512026e-01   4.5232246e-01
   4.1670916e-01   5.1512864e-01   4.5231902e-01
   4.1670916e-01   5.1512864e-01   4.5231902e-01
   4.1722558e-01   5.1525192e-01   4.5226738e-01
   4.1737186e-01   5.1528659e-01   4.5225253e-01
   4.1737186e-01   5.1528659e-01   4.5225253e-01
   4.1788828e-01   5.1540817e-01   4.5219931e-01
   4.1791582e-01   5.1541462e-01   4.5219643e-01
   4.1791582e-01   5.1541462e-01   4.5219643e-01
   4.1843224e-01   5.1553480e-01   4.5214191e-01
   4.1857596e-01   5.1556800e-01   4.5212652e-01
   4.1857596e-01   5.1556800e-01   4.5212652e-01
   4.1909238e-01   5.1568647e-01   4.5207045e-01
   4.1911266e-01   5.1569109e-01   4.5206822e-01
   4.1911266e-01   5.1569109e-01   4.5206822e-01
   4.1953565e-01   5.1578709e-01   4.5202134e-01
   4.1953565e-01   5.1578709e-01   4.5202134e-01
   4.1995865e-01   5.1588218e-01   4.5197365e-01
   4.2017959e-01   5.1593148e-01   4.5194842e-01
   4.2017959e-01   5.1593148e-01   4.5194842e-01
   4.2060258e-01   5.1602519e-01   4.5189950e-01
   4.2102558e-01   5.1611800e-01   4.5184978e-01
   4.2187157e-01   5.1630088e-01   4.5174795e-01
   4.2215367e-01   5.1636106e-01   4.5171329e-01
   4.2215367e-01   5.1636106e-01   4.5171329e-01
   4.2266696e-01   5.1646951e-01   4.5164932e-01
   4.2266696e-01   5.1646951e-01   4.5164932e-01
   4.2318025e-01   5.1657664e-01   4.5158419e-01
   4.2369355e-01   5.1668243e-01   4.5151791e-01
   4.2472013e-01   5.1688999e-01   4.5138191e-01
   4.2677331e-01   5.1728910e-01   4.5109633e-01
   4.2811036e-01   5.1753751e-01   4.5090074e-01
   4.2811036e-01   5.1753751e-01   4.5090074e-01
   4.2858350e-01   5.1762324e-01   4.5082973e-01
   4.2858350e-01   5.1762324e-01   4.5082973e-01
   4.2905664e-01   5.1770784e-01   4.5075779e-01
   4.2952977e-01   5.1779130e-01   4.5068492e-01
   4.3047605e-01   5.1795482e-01   4.5053642e-01
   4.3236859e-01   5.1826823e-01   4.5022842e-01
   4.3406585e-01   5.1853385e-01   4.4993989e-01
   4.3406585e-01   5.1853385e-01   4.4993989e-01
   4.3449886e-01   5.1859928e-01   4.4986444e-01
   4.3449886e-01   5.1859928e-01   4.4986444e-01
   4.3493187e-01   5.1866376e-01   4.4978825e-01
   4.3536489e-01   5.1872728e-01   4.4971131e-01
   4.3623091e-01   5.1885148e-01   4.4955523e-01
   4.3796296e-01   5.1908846e-01   4.4923427e-01
   4.4002033e-01   5.1935018e-01   4.4883797e-01
   4.4002033e-01   5.1935018e-01   4.4883797e-01
   4.4041325e-01   5.1939772e-01   4.4876045e-01
   4.4041325e-01   5.1939772e-01   4.4876045e-01
   4.4080616e-01   5.1944448e-01   4.4868234e-01
   4.4119908e-01   5.1949046e-01   4.4860365e-01
   4.4198490e-01   5.1958006e-01   4.4844451e-01
   4.4355656e-01   5.1974986e-01   4.4811932e-01
   4.4597402e-01   5.1998658e-01   4.4760125e-01
   4.4597402e-01   5.1998658e-01   4.4760125e-01
   4.4612077e-01   5.2000000e-01   4.4756911e-01
   4.4612077e-01   5.2000000e-01   4.4756911e-01
   4.4626753e-01   5.2001331e-01   4.4753689e-01
   4.4632686e-01   5.2001866e-01   4.4752385e-01
   4.4632686e-01   5.2001866e-01   4.4752385e-01
   4.4647361e-01   5.2003181e-01   4.4749152e-01
   4.4662036e-01   5.2004485e-01   4.4745911e-01
   4.4691387e-01   5.2007061e-01   4.4739406e-01
   4.4750089e-01   5.2012082e-01   4.4726303e-01
   4.4867492e-01   5.2021599e-01   4.4699724e-01
   4.4993314e-01   5.2031023e-01   4.4670690e-01
   4.4993314e-01   5.2031023e-01   4.4670690e-01
   4.5046089e-01   5.2034736e-01   4.4658345e-01
   4.5046089e-01   5.2034736e-01   4.4658345e-01
   4.5098864e-01   5.2038309e-01   4.4645902e-01
   4.5151638e-01   5.2041740e-01   4.4633363e-01
   4.5192710e-01   5.2044312e-01   4.4623539e-01
   4.5192710e-01   5.2044312e-01   4.4623539e-01
   4.5223984e-01   5.2046213e-01   4.4616020e-01
   4.5223984e-01   5.2046213e-01   4.4616020e-01
   4.5255258e-01   5.2048065e-01   4.4608469e-01
   4.5286532e-01   5.2049867e-01   4.4600886e-01
   4.5349080e-01   5.2053322e-01   4.4585625e-01
   4.5474176e-01   5.2059637e-01   4.4554732e-01
   4.5724368e-01   5.2069884e-01   4.4491533e-01
   4.5787979e-01   5.2071983e-01   4.4475180e-01
   4.5787979e-01   5.2071983e-01   4.4475180e-01
   4.5815240e-01   5.2072820e-01   4.4468139e-01
   4.5815240e-01   5.2072820e-01   4.4468139e-01
   4.5842500e-01   5.2073619e-01   4.4461077e-01
   4.5869760e-01   5.2074380e-01   4.4453996e-01
   4.5924281e-01   5.2075789e-01   4.4439776e-01
   4.6033322e-01   5.2078155e-01   4.4411110e-01
   4.6251405e-01   5.2081078e-01   4.4352924e-01
   4.6383228e-01   5.2081674e-01   4.4317241e-01
   4.6383228e-01   5.2081674e-01   4.4317241e-01
   4.6406473e-01   5.2081688e-01   4.4310911e-01
   4.6406473e-01   5.2081688e-01   4.4310911e-01
   4.6429718e-01   5.2081674e-01   4.4304571e-01
   4.6452963e-01   5.2081633e-01   4.4298219e-01
   4.6499452e-01   5.2081469e-01   4.4285485e-01
   4.6592431e-01   5.2080812e-01   4.4259892e-01
   4.6778390e-01   5.2078192e-01   4.4208244e-01
   4.6983856e-01   5.2073279e-01   4.4150524e-01
   4.6983856e-01   5.2073279e-01   4.4150524e-01
   4.7003015e-01   5.2072713e-01   4.4145110e-01
   4.7003015e-01   5.2072713e-01   4.4145110e-01
   4.7022174e-01   5.2072130e-01   4.4139691e-01
   4.7041334e-01   5.2071527e-01   4.4134266e-01
   4.7079652e-01   5.2070268e-01   4.4123402e-01
   4.7156290e-01   5.2067531e-01   4.4101615e-01
   4.7309564e-01   5.2061183e-01   4.4057822e-01
   4.7595805e-01   5.2046227e-01   4.3975342e-01
   4.7595805e-01   5.2046227e-01   4.3975342e-01
   4.7610734e-01   5.2045337e-01   4.3971018e-01
   4.7610734e-01   5.2045337e-01   4.3971018e-01
   4.7625662e-01   5.2044436e-01   4.3966692e-01
   4.7640591e-01   5.2043524e-01   4.3962364e-01
   4.7670448e-01   5.2041667e-01   4.3953703e-01
   4.7730162e-01   5.2037823e-01   4.3936357e-01
   4.7849590e-01   5.2029614e-01   4.3901577e-01
   4.8088447e-01   5.2011122e-01   4.3831705e-01
   4.8217331e-01   5.2000000e-01   4.3793853e-01
   4.8217331e-01   5.2000000e-01   4.3793853e-01
   4.8219477e-01   5.1999808e-01   4.3793221e-01
   4.8219477e-01   5.1999808e-01   4.3793221e-01
   4.8229509e-01   5.1998908e-01   4.3790271e-01
   4.8230026e-01   5.1998861e-01   4.3790119e-01
   4.8230026e-01   5.1998861e-01   4.3790119e-01
   4.8240059e-01   5.1997956e-01   4.3787168e-01
   4.8250091e-01   5.1997046e-01   4.3784216e-01
   4.8270156e-01   5.1995211e-01   4.3778311e-01
   4.8310285e-01   5.1991484e-01   4.3766495e-01
   4.8390544e-01   5.1983797e-01   4.3742837e-01
   4.8551063e-01   5.1967503e-01   4.3695434e-01
   4.8855238e-01   5.1933272e-01   4.3605326e-01
   4.8855238e-01   5.1933272e-01   4.3605326e-01
   4.8861251e-01   5.1932552e-01   4.3603541e-01
   4.8861251e-01   5.1932552e-01   4.3603541e-01
   4.8871284e-01   5.1931345e-01   4.3600564e-01
   4.8881316e-01   5.1930134e-01   4.3597586e-01
   4.8901381e-01   5.1927698e-01   4.3591629e-01
   4.8941510e-01   5.1922769e-01   4.3579712e-01
   4.9021769e-01   5.1912684e-01   4.3555865e-01
   4.9182288e-01   5.1891610e-01   4.3508119e-01
   4.9503324e-01   5.1845869e-01   4.3412459e-01
   4.9504107e-01   5.1845752e-01   4.3412226e-01
   4.9504107e-01   5.1845752e-01   4.3412226e-01
   4.9505412e-01   5.1845556e-01   4.3411837e-01
   4.9505412e-01   5.1845556e-01   4.3411837e-01
   4.9515444e-01   5.1844049e-01   4.3408844e-01
   4.9525476e-01   5.1842537e-01   4.3405851e-01
   4.9545541e-01   5.1839500e-01   4.3399865e-01
   4.9585671e-01   5.1833369e-01   4.3387892e-01
   4.9665930e-01   5.1820886e-01   4.3363937e-01
   4.9826448e-01   5.1795034e-01   4.3315999e-01
   5.0147485e-01   5.1739813e-01   4.3220033e-01
   5.0163488e-01   5.1736938e-01   4.3215247e-01
   5.0163488e-01   5.1736938e-01   4.3215247e-01
   5.0167081e-01   5.1736291e-01   4.3214172e-01
   5.0167081e-01   5.1736291e-01   4.3214172e-01
   5.0177114e-01   5.1734481e-01   4.3211171e-01
   5.0187146e-01   5.1732667e-01   4.3208171e-01
   5.0207211e-01   5.1729025e-01   4.3202169e-01
   5.0247341e-01   5.1721686e-01   4.3190164e-01
   5.0327600e-01   5.1706792e-01   4.3166150e-01
   5.0488118e-01   5.1676137e-01   4.3118107e-01
   5.0809155e-01   5.1611387e-01   4.3021975e-01
   5.0836436e-01   5.1605674e-01   4.3013803e-01
   5.0836436e-01   5.1605674e-01   4.3013803e-01
   5.0845129e-01   5.1603847e-01   4.3011200e-01
   5.0845129e-01   5.1603847e-01   4.3011200e-01
   5.0855161e-01   5.1601735e-01   4.3008194e-01
   5.0865193e-01   5.1599617e-01   4.3005189e-01
   5.0885258e-01   5.1595369e-01   4.2999179e-01
   5.0925388e-01   5.1586820e-01   4.2987157e-01
   5.1005647e-01   5.1569510e-01   4.2963112e-01
   5.1125686e-01   5.1543094e-01   4.2927144e-01
   5.1125686e-01   5.1543094e-01   4.2927144e-01
   5.1149866e-01   5.1537697e-01   4.2919898e-01
   5.1149866e-01   5.1537697e-01   4.2919898e-01
   5.1174046e-01   5.1532274e-01   4.2912652e-01
   5.1198226e-01   5.1526826e-01   4.2905406e-01
   5.1246586e-01   5.1515855e-01   4.2890913e-01
   5.1248696e-01   5.1515374e-01   4.2890281e-01
   5.1248696e-01   5.1515374e-01   4.2890281e-01
   5.1260367e-01   5.1512710e-01   4.2886783e-01
   5.1260367e-01   5.1512710e-01   4.2886783e-01
   5.1272037e-01   5.1510041e-01   4.2883286e-01
   5.1283707e-01   5.1507365e-01   4.2879788e-01
   5.1307047e-01   5.1501997e-01   4.2872793e-01
   5.1353728e-01   5.1491192e-01   4.2858802e-01
   5.1390755e-01   5.1482556e-01   4.2847704e-01
   5.1390755e-01   5.1482556e-01   4.2847704e-01
   5.1403287e-01   5.1479621e-01   4.2843947e-01
   5.1403287e-01   5.1479621e-01   4.2843947e-01
   5.1415820e-01   5.1476678e-01   4.2840191e-01
   5.1428352e-01   5.1473729e-01   4.2836434e-01
   5.1453417e-01   5.1467812e-01   4.2828921e-01
   5.1503547e-01   5.1455900e-01   4.2813894e-01
   5.1536667e-01   5.1447973e-01   4.2803966e-01
   5.1536667e-01   5.1447973e-01   4.2803966e-01
   5.1550085e-01   5.1444749e-01   4.2799943e-01
   5.1550085e-01   5.1444749e-01   4.2799943e-01
   5.1563503e-01   5.1441518e-01   4.2795921e-01
   5.1576921e-01   5.1438279e-01   4.2791898e-01
   5.1603757e-01   5.1431781e-01   4.2783853e-01
   5.1657430e-01   5.1418697e-01   4.2767763e-01
   5.1687019e-01   5.1411435e-01   4.2758892e-01
   5.1687019e-01   5.1411435e-01   4.2758892e-01
   5.1701349e-01   5.1407906e-01   4.2754596e-01
   5.1701349e-01   5.1407906e-01   4.2754596e-01
   5.1715680e-01   5.1404369e-01   4.2750299e-01
   5.1730011e-01   5.1400823e-01   4.2746003e-01
   5.1758672e-01   5.1393708e-01   4.2737410e-01
   5.1815995e-01   5.1379384e-01   4.2720223e-01
   5.1842600e-01   5.1372693e-01   4.2712246e-01
   5.1842600e-01   5.1372693e-01   4.2712246e-01
   5.1857875e-01   5.1368839e-01   4.2707666e-01
   5.1857875e-01   5.1368839e-01   4.2707666e-01
   5.1873150e-01   5.1364976e-01   4.2703086e-01
   5.1888425e-01   5.1361105e-01   4.2698506e-01
   5.1918976e-01   5.1353336e-01   4.2689346e-01
   5.1980076e-01   5.1337695e-01   4.2671025e-01
   5.2004587e-01   5.1331382e-01   4.2663675e-01
   5.2004587e-01   5.1331382e-01   4.2663675e-01
   5.2020845e-01   5.1327183e-01   4.2658800e-01
   5.2020845e-01   5.1327183e-01   4.2658800e-01
   5.2037104e-01   5.1322974e-01   4.2653925e-01
   5.2053362e-01   5.1318756e-01   4.2649049e-01
   5.2085878e-01   5.1310291e-01   4.2639299e-01
   5.2150912e-01   5.1293249e-01   4.2619797e-01
   5.2174836e-01   5.1286943e-01   4.2612623e-01
   5.2174836e-01   5.1286943e-01   4.2612623e-01
   5.2192127e-01   5.1282373e-01   4.2607437e-01
   5.2192127e-01   5.1282373e-01   4.2607437e-01
   5.2209419e-01   5.1277792e-01   4.2602252e-01
   5.2226711e-01   5.1273202e-01   4.2597066e-01
   5.2261294e-01   5.1263991e-01   4.2586695e-01
   5.2330460e-01   5.1245451e-01   4.2565953e-01
   5.2356379e-01   5.1238464e-01   4.2558180e-01
   5.2356379e-01   5.1238464e-01   4.2558180e-01
   5.2374772e-01   5.1233493e-01   4.2552664e-01
   5.2374772e-01   5.1233493e-01   4.2552664e-01
   5.2393166e-01   5.1228510e-01   4.2547147e-01
   5.2411559e-01   5.1223517e-01   4.2541631e-01
   5.2448347e-01   5.1213500e-01   4.2530598e-01
   5.2521921e-01   5.1193343e-01   4.2508532e-01
   5.2554304e-01   5.1184421e-01   4.2498820e-01
   5.2554304e-01   5.1184421e-01   4.2498820e-01
   5.2573899e-01   5.1179007e-01   4.2492943e-01
   5.2573899e-01   5.1179007e-01   4.2492943e-01
   5.2593494e-01   5.1173582e-01   4.2487067e-01
   5.2613088e-01   5.1168147e-01   4.2481190e-01
   5.2652278e-01   5.1157244e-01   4.2469436e-01
   5.2730658e-01   5.1135315e-01   4.2445927e-01
   5.2778164e-01   5.1121947e-01   4.2431679e-01
   5.2778164e-01   5.1121947e-01   4.2431679e-01
   5.2799117e-01   5.1116033e-01   4.2425394e-01
   5.2799117e-01   5.1116033e-01   4.2425394e-01
   5.2820071e-01   5.1110108e-01   4.2419109e-01
   5.2841025e-01   5.1104172e-01   4.2412824e-01
   5.2882932e-01   5.1092270e-01   4.2400255e-01
   5.2966747e-01   5.1068348e-01   4.2375115e-01
   5.3049472e-01   5.1044591e-01   4.2350302e-01
   5.3049472e-01   5.1044591e-01   4.2350302e-01
   5.3072073e-01   5.1038077e-01   4.2343523e-01
   5.3072073e-01   5.1038077e-01   4.2343523e-01
   5.3094673e-01   5.1031554e-01   4.2336744e-01
   5.3117274e-01   5.1025021e-01   4.2329965e-01
   5.3162475e-01   5.1011928e-01   4.2316406e-01
   5.3252877e-01   5.0985638e-01   4.2289290e-01
   5.3433681e-01   5.0932701e-01   4.2235055e-01
   5.3437325e-01   5.0931629e-01   4.2233962e-01
   5.3437325e-01   5.0931629e-01   4.2233962e-01
   5.3462278e-01   5.0924290e-01   4.2226477e-01
   5.3462278e-01   5.0924290e-01   4.2226477e-01
   5.3487230e-01   5.0916943e-01   4.2218992e-01
   5.3512183e-01   5.0909590e-01   4.2211507e-01
   5.3562087e-01   5.0894864e-01   4.2196537e-01
   5.3661897e-01   5.0865342e-01   4.2166597e-01
   5.3861517e-01   5.0806073e-01   4.2106716e-01
   5.4260757e-01   5.0686947e-01   4.1986952e-01
   5.5059236e-01   5.0447731e-01   4.1747416e-01
   5.6401213e-01   5.0045099e-01   4.1344828e-01
   5.7110341e-01   4.9832450e-01   4.1132090e-01
   5.7819470e-01   4.9619728e-01   4.0919352e-01
   5.7872876e-01   4.9603710e-01   4.0903330e-01
   5.7872876e-01   4.9603710e-01   4.0903330e-01
   5.7937218e-01   4.9584408e-01   4.0884028e-01
   5.7937218e-01   4.9584408e-01   4.0884028e-01
   5.8001559e-01   4.9565105e-01   4.0864725e-01
   5.8065901e-01   4.9545803e-01   4.0845423e-01
   5.8194584e-01   4.9507198e-01   4.0806818e-01
   5.8451951e-01   4.9429988e-01   4.0729608e-01
   5.8966684e-01   4.9275568e-01   4.0575188e-01
   5.9996150e-01   4.8966728e-01   4.0266348e-01
   6.0006791e-01   4.8963536e-01   4.0263156e-01
   6.0006791e-01   4.8963536e-01   4.0263156e-01
   6.0883985e-01   4.8700377e-01   3.9999998e-01
   6.0883985e-01   4.8700377e-01   3.9999998e-01
   6.1761179e-01   4.8437219e-01   3.9737043e-01
   6.2638373e-01   4.8174061e-01   3.9475016e-01
   6.4392761e-01   4.7647745e-01   3.8955061e-01
   6.7901537e-01   4.6595112e-01   3.7933322e-01
   7.4919089e-01   4.4489846e-01   3.5962560e-01
   8.4460886e-01   4.1627307e-01   3.3432136e-01
   8.4460886e-01   4.1627307e-01   3.3432136e-01
   8.5325116e-01   4.1368038e-01   3.3211527e-01
   8.5325116e-01   4.1368038e-01   3.3211527e-01
   8.6189345e-01   4.1108769e-01   3.2992099e-01
   8.7053574e-01   4.0849501e-01   3.2773602e-01
   8.7546455e-01   4.0701637e-01   3.2649304e-01
   8.7546455e-01   4.0701637e-01   3.2649304e-01
   8.8517499e-01   4.0410323e-01   3.2404916e-01
   8.8517499e-01   4.0410323e-01   3.2404916e-01
   8.8631302e-01   4.0376182e-01   3.2376309e-01
   8.8631302e-01   4.0376182e-01   3.2376309e-01
   8.8745106e-01   4.0342041e-01   3.2347710e-01
   8.8858910e-01   4.0307900e-01   3.2319118e-01
   8.9086517e-01   4.0239618e-01   3.2261954e-01
   8.9541732e-01   4.0103053e-01   3.2147715e-01
   8.9885243e-01   4.0000000e-01   3.2061591e-01
   8.9885243e-01   4.0000000e-01   3.2061591e-01
   9.0741126e-01   3.9743791e-01   3.1847333e-01
   9.0741126e-01   3.9743791e-01   3.1847333e-01
   9.0741126e-01   3.9743791e-01   3.1847333e-01
   9.1316764e-01   3.9572323e-01   3.1703511e-01
   9.1316764e-01   3.9572323e-01   3.1703511e-01
   9.1892403e-01   3.9401308e-01   3.1559932e-01
   9.1923364e-01   3.9392127e-01   3.1552217e-01
   9.1923364e-01   3.9392127e-01   3.1552217e-01
   9.2499002e-01   3.9221773e-01   3.1408908e-01
   9.2572738e-01   3.9200000e-01   3.1390570e-01
   9.2572738e-01   3.9200000e-01   3.1390570e-01
   9.3148376e-01   3.9030398e-01   3.1247565e-01
   9.3171866e-01   3.9023491e-01   3.1241736e-01
   9.3171866e-01   3.9023491e-01   3.1241736e-01
   9.3747505e-01   3.8854591e-01   3.1099026e-01
   9.4052313e-01   3.8765430e-01   3.1023578e-01
   9.4052313e-01   3.8765430e-01   3.1023578e-01
   9.4627951e-01   3.8597564e-01   3.0881324e-01
   9.4872334e-01   3.8526501e-01   3.0821024e-01
   9.4872334e-01   3.8526501e-01   3.0821024e-01
   9.5308406e-01   3.8400000e-01   3.0713570e-01
   9.5308406e-01   3.8400000e-01   3.0713570e-01
   9.5744478e-01   3.8273884e-01   3.0606302e-01
   9.6123570e-01   3.8164560e-01   3.0513205e-01
   9.6123570e-01   3.8164560e-01   3.0513205e-01
   9.6559642e-01   3.8039163e-01   3.0406296e-01
   9.6841255e-01   3.7958386e-01   3.0337360e-01
   9.6841255e-01   3.7958386e-01   3.0337360e-01
   9.7277327e-01   3.7833619e-01   3.0230780e-01
   9.7713399e-01   3.7709233e-01   3.0124404e-01
   9.7876316e-01   3.7662860e-01   3.0084715e-01
   9.7876316e-01   3.7662860e-01   3.0084715e-01
   9.8097449e-01   3.7600000e-01   3.0030891e-01
   9.8097449e-01   3.7600000e-01   3.0030891e-01
   9.8318581e-01   3.7537238e-01   2.9977122e-01
   9.8539713e-01   3.7474573e-01   2.9923407e-01
   9.8981978e-01   3.7349534e-01   2.9816144e-01
   9.9126460e-01   3.7308769e-01   2.9781151e-01
   9.9126460e-01   3.7308769e-01   2.9781151e-01
   9.9685805e-01   3.7151343e-01   2.9645909e-01
   9.9685805e-01   3.7151343e-01   2.9645909e-01
   1.0024515e+00   3.6994533e-01   2.9511035e-01
   1.0080450e+00   3.6838338e-01   2.9376536e-01
   1.0094020e+00   3.6800535e-01   2.9343962e-01
   1.0094020e+00   3.6800535e-01   2.9343962e-01
   1.0094212e+00   3.6800000e-01   2.9343500e-01
   1.0094212e+00   3.6800000e-01   2.9343500e-01
   1.0094405e+00   3.6799465e-01   2.9343039e-01
   1.0094597e+00   3.6798929e-01   2.9342578e-01
   1.0094981e+00   3.6797859e-01   2.9341655e-01
   1.0095751e+00   3.6795717e-01   2.9339809e-01
   1.0097289e+00   3.6791435e-01   2.9336119e-01
   1.0100365e+00   3.6782872e-01   2.9328739e-01
   1.0106518e+00   3.6765752e-01   2.9313981e-01
   1.0118824e+00   3.6731533e-01   2.9284481e-01
   1.0143436e+00   3.6663184e-01   2.9225537e-01
   1.0192659e+00   3.6526841e-01   2.9107873e-01
   1.0218919e+00   3.6454298e-01   2.9045226e-01
   1.0218919e+00   3.6454298e-01   2.9045226e-01
   1.0258833e+00   3.6344290e-01   2.8950171e-01
   1.0258833e+00   3.6344290e-01   2.8950171e-01
   1.0298746e+00   3.6234590e-01   2.8855319e-01
   1.0338660e+00   3.6125198e-01   2.8760671e-01
   1.0384480e+00   3.6000000e-01   2.8652275e-01
   1.0384480e+00   3.6000000e-01   2.8652275e-01
   1.0406281e+00   3.5940571e-01   2.8600796e-01
   1.0406281e+00   3.5940571e-01   2.8600796e-01
   1.0428082e+00   3.5881234e-01   2.8549379e-01
   1.0449883e+00   3.5821988e-01   2.8498025e-01
   1.0493485e+00   3.5703768e-01   2.8395506e-01
   1.0531065e+00   3.5602168e-01   2.8307351e-01
   1.0531065e+00   3.5602168e-01   2.8307351e-01
   1.0555139e+00   3.5537224e-01   2.8250979e-01
   1.0555139e+00   3.5537224e-01   2.8250979e-01
   1.0579213e+00   3.5472390e-01   2.8194684e-01
   1.0603286e+00   3.5407666e-01   2.8138468e-01
   1.0651434e+00   3.5278548e-01   2.8026273e-01
   1.0680804e+00   3.5200000e-01   2.7957989e-01
   1.0680804e+00   3.5200000e-01   2.7957989e-01
   1.0724658e+00   3.5083021e-01   2.7856253e-01
   1.0724658e+00   3.5083021e-01   2.7856253e-01
   1.0768511e+00   3.4966404e-01   2.7754784e-01
   1.0812365e+00   3.4850147e-01   2.7653582e-01
   1.0849330e+00   3.4752431e-01   2.7568486e-01
   1.0849330e+00   3.4752431e-01   2.7568486e-01
   1.0857775e+00   3.4730145e-01   2.7549073e-01
   1.0857775e+00   3.4730145e-01   2.7549073e-01
   1.0866219e+00   3.4707872e-01   2.7529671e-01
   1.0874663e+00   3.4685612e-01   2.7510278e-01
   1.0891552e+00   3.4641132e-01   2.7471524e-01
   1.0925329e+00   3.4552332e-01   2.7394135e-01
   1.0983461e+00   3.4400000e-01   2.7261327e-01
   1.0983461e+00   3.4400000e-01   2.7261327e-01
   1.1049426e+00   3.4227900e-01   2.7111207e-01
   1.1049426e+00   3.4227900e-01   2.7111207e-01
   1.1115391e+00   3.4056602e-01   2.6961711e-01
   1.1167034e+00   3.3923053e-01   2.6845111e-01
   1.1167034e+00   3.3923053e-01   2.6845111e-01
   1.1173989e+00   3.3905104e-01   2.6829438e-01
   1.1173989e+00   3.3905104e-01   2.6829438e-01
   1.1180944e+00   3.3887165e-01   2.6813771e-01
   1.1187899e+00   3.3869234e-01   2.6798112e-01
   1.1201809e+00   3.3833399e-01   2.6766814e-01
   1.1229629e+00   3.3761836e-01   2.6704302e-01
   1.1285269e+00   3.3619132e-01   2.6579617e-01
   1.1292745e+00   3.3600000e-01   2.6562898e-01
   1.1292745e+00   3.3600000e-01   2.6562898e-01
   1.1306715e+00   3.3564279e-01   2.6531679e-01
   1.1306715e+00   3.3564279e-01   2.6531679e-01
   1.1320684e+00   3.3528593e-01   2.6500490e-01
   1.1334654e+00   3.3492943e-01   2.6469329e-01
   1.1362593e+00   3.3421748e-01   2.6407092e-01
   1.1402309e+00   3.3320783e-01   2.6318817e-01
   1.1402309e+00   3.3320783e-01   2.6318817e-01
   1.1432240e+00   3.3244883e-01   2.6252445e-01
   1.1432240e+00   3.3244883e-01   2.6252445e-01
   1.1462171e+00   3.3169140e-01   2.6186206e-01
   1.1492102e+00   3.3093533e-01   2.6120099e-01
   1.1526214e+00   3.3007503e-01   2.6044917e-01
   1.1526214e+00   3.3007503e-01   2.6044917e-01
   1.1534202e+00   3.2987377e-01   2.6027337e-01
   1.1534202e+00   3.2987377e-01   2.6027337e-01
   1.1542190e+00   3.2967257e-01   2.6009766e-01
   1.1550178e+00   3.2947144e-01   2.5992205e-01
   1.1566153e+00   3.2906935e-01   2.5957112e-01
   1.1598105e+00   3.2826582e-01   2.5887038e-01
   1.1658409e+00   3.2675120e-01   2.5755196e-01
   1.1658409e+00   3.2675120e-01   2.5755196e-01
   1.1722312e+00   3.2514845e-01   2.5616076e-01
   1.1786215e+00   3.2354815e-01   2.5477565e-01
   1.1802550e+00   3.2313950e-01   2.5442257e-01
   1.1802550e+00   3.2313950e-01   2.5442257e-01
   1.1928308e+00   3.2000000e-01   2.5171761e-01
   1.1928308e+00   3.2000000e-01   2.5171761e-01
   1.2054066e+00   3.1687343e-01   2.4903632e-01
   1.2179825e+00   3.1376161e-01   2.4637875e-01
   1.2431342e+00   3.0758852e-01   2.4113479e-01
   1.2617861e+00   3.0305940e-01   2.3730724e-01
   1.2617861e+00   3.0305940e-01   2.3730724e-01
   1.2739983e+00   3.0011843e-01   2.3482938e-01
   1.2739983e+00   3.0011843e-01   2.3482938e-01
   1.2862105e+00   2.9719781e-01   2.3237379e-01
   1.2984227e+00   2.9429827e-01   2.2994039e-01
   1.3228471e+00   2.8856483e-01   2.2513993e-01
   1.3474693e+00   2.8287682e-01   2.2038955e-01
   1.3474693e+00   2.8287682e-01   2.2038955e-01
   1.3600814e+00   2.8000000e-01   2.1799062e-01
   1.3600814e+00   2.8000000e-01   2.1799062e-01
   1.3726936e+00   2.7714845e-01   2.1561481e-01
   1.3853057e+00   2.7432242e-01   2.1326199e-01
   1.4105300e+00   2.6874759e-01   2.0862482e-01
   1.4166021e+00   2.6742104e-01   2.0752207e-01
   1.4166021e+00   2.6742104e-01   2.0752207e-01
   1.4286640e+00   2.6480379e-01   2.0534701e-01
   1.4286640e+00   2.6480379e-01   2.0534701e-01
   1.4407260e+00   2.6221030e-01   2.0319242e-01
   1.4527879e+00   2.5964061e-01   2.0105819e-01
   1.4533156e+00   2.5952873e-01   2.0096528e-01
   1.4533156e+00   2.5952873e-01   2.0096528e-01
   1.4653619e+00   2.5698714e-01   1.9885487e-01
   1.4653619e+00   2.5698714e-01   1.9885487e-01
   1.4774083e+00   2.5446925e-01   1.9676450e-01
   1.4894546e+00   2.5197502e-01   1.9469402e-01
   1.5135473e+00   2.4705723e-01   1.9061221e-01
   1.5362536e+00   2.4250811e-01   1.8683665e-01
   1.5362536e+00   2.4250811e-01   1.8683665e-01
   1.5489520e+00   2.4000000e-01   1.8475502e-01
   1.5489520e+00   2.4000000e-01   1.8475502e-01
   1.5616503e+00   2.3751750e-01   1.8269458e-01
   1.5743487e+00   2.3506043e-01   1.8065516e-01
   1.5997454e+00   2.3022187e-01   1.7663872e-01
   1.6441434e+00   2.2200126e-01   1.6981361e-01
   1.6441434e+00   2.2200126e-01   1.6981361e-01
   1.6562011e+00   2.1982004e-01   1.6800238e-01
   1.6562011e+00   2.1982004e-01   1.6800238e-01
   1.6682589e+00   2.1766042e-01   1.6620898e-01
   1.6803166e+00   2.1552222e-01   1.6443324e-01
   1.7044320e+00   2.1130937e-01   1.6093422e-01
   1.7526629e+00   2.0313278e-01   1.5414190e-01
   1.7588416e+00   2.0210884e-01   1.5329122e-01
   1.7588416e+00   2.0210884e-01   1.5329122e-01
   1.7716681e+00   2.0000000e-01   1.5153916e-01
   1.7716681e+00   2.0000000e-01   1.5153916e-01
   1.7844945e+00   1.9791360e-01   1.4980571e-01
   1.7973210e+00   1.9584943e-01   1.4809070e-01
   1.8229739e+00   1.9178682e-01   1.4471530e-01
   1.8629215e+00   1.8563125e-01   1.3960135e-01
   1.8629215e+00   1.8563125e-01   1.3960135e-01
   1.8750986e+00   1.8379535e-01   1.3807630e-01
   1.8750986e+00   1.8379535e-01   1.3807630e-01
   1.8872758e+00   1.8197804e-01   1.3656680e-01
   1.8994529e+00   1.8017913e-01   1.3507273e-01
   1.9117618e+00   1.7837924e-01   1.3357800e-01
   1.9117618e+00   1.7837924e-01   1.3357800e-01
   1.9239723e+00   1.7661193e-01   1.3211052e-01
   1.9239723e+00   1.7661193e-01   1.3211052e-01
   1.9361828e+00   1.7486256e-01   1.3065812e-01
   1.9483933e+00   1.7313094e-01   1.2922067e-01
   1.9728142e+00   1.6972024e-01   1.2639007e-01
   2.0216561e+00   1.6310418e-01   1.2090232e-01
   2.0322900e+00   1.6169918e-01   1.1973753e-01
   2.0322900e+00   1.6169918e-01   1.1973753e-01
   2.0452780e+00   1.6000000e-01   1.1832918e-01
   2.0452780e+00   1.6000000e-01   1.1832918e-01
   2.0582660e+00   1.5831915e-01   1.1693640e-01
   2.0712539e+00   1.5665644e-01   1.1555904e-01
   2.0972299e+00   1.5338461e-01   1.1284996e-01
   2.1299402e+00   1.4936413e-01   1.0952352e-01
   2.1299402e+00   1.4936413e-01   1.0952352e-01
   2.1423085e+00   1.4787225e-01   1.0828997e-01
   2.1423085e+00   1.4787225e-01   1.0828997e-01
   2.1546769e+00   1.4639567e-01   1.0706952e-01
   2.1670453e+00   1.4493421e-01   1.0586204e-01
   2.1917820e+00   1.4205605e-01   1.0348552e-01
   2.2412556e+00   1.3647431e-01   9.8882766e-02
   2.2566003e+00   1.3478916e-01   9.7494945e-02
   2.2566003e+00   1.3478916e-01   9.7494945e-02
   2.2690607e+00   1.3343645e-01   9.6381560e-02
   2.2690607e+00   1.3343645e-01   9.6381560e-02
   2.2815212e+00   1.3209765e-01   9.5280212e-02
   2.2939816e+00   1.3077262e-01   9.4190782e-02
   2.3189025e+00   1.2816327e-01   9.2047210e-02
   2.3687443e+00   1.2310354e-01   8.7897984e-02
   2.3871836e+00   1.2128396e-01   8.6408398e-02
   2.3871836e+00   1.2128396e-01   8.6408398e-02
   2.4003667e+00   1.2000000e-01   8.5358157e-02
   2.4003667e+00   1.2000000e-01   8.5358157e-02
   2.4135498e+00   1.1872997e-01   8.4320046e-02
   2.4267328e+00   1.1747372e-01   8.3293937e-02
   2.4530990e+00   1.1500192e-01   8.1277216e-02
   2.4766869e+00   1.1283576e-01   7.9512432e-02
   2.4766869e+00   1.1283576e-01   7.9512432e-02
   2.4893014e+00   1.1169453e-01   7.8583675e-02
   2.4893014e+00   1.1169453e-01   7.8583675e-02
   2.5019159e+00   1.1056511e-01   7.7665251e-02
   2.5145304e+00   1.0944738e-01   7.6757056e-02
   2.5397594e+00   1.0724650e-01   7.4970929e-02
   2.5902175e+00   1.0297956e-01   7.1516852e-02
   2.6911335e+00   9.4958564e-02   6.5059133e-02
   2.7481818e+00   9.0709158e-02   6.1659413e-02
   2.7481818e+00   9.0709158e-02   6.1659413e-02
   2.7609734e+00   8.9783311e-02   6.0920815e-02
   2.7609734e+00   8.9783311e-02   6.0920815e-02
   2.7737651e+00   8.8867110e-02   6.0190702e-02
   2.7865567e+00   8.7960435e-02   5.9468983e-02
   2.8121400e+00   8.6175268e-02   5.8050370e-02
   2.8633065e+00   8.2714924e-02   5.5309977e-02
   2.8915756e+00   8.0864197e-02   5.3849686e-02
   2.8915756e+00   8.0864197e-02   5.3849686e-02
   2.9050026e+00   8.0000000e-02   5.3169147e-02
   2.9050026e+00   8.0000000e-02   5.3169147e-02
   2.9184295e+00   7.9145213e-02   5.2496883e-02
   2.9318565e+00   7.8299723e-02   5.1832802e-02
   2.9587104e+00   7.6636185e-02   5.0528813e-02
   2.9717059e+00   7.5844075e-02   4.9909167e-02
   2.9717059e+00   7.5844075e-02   4.9909167e-02
   2.9846273e+00   7.5064719e-02   4.9300318e-02
   2.9846273e+00   7.5064719e-02   4.9300318e-02
   2.9975486e+00   7.4293482e-02   4.8698628e-02
   3.0104700e+00   7.3530281e-02   4.8104019e-02
   3.0363127e+00   7.2027655e-02   4.6935731e-02
   3.0879982e+00   6.9115222e-02   4.4680734e-02
   3.1913691e+00   6.3643825e-02   4.0480531e-02
   3.3981109e+00   5.3982091e-02   3.3196726e-02
   3.5966440e+00   4.6085687e-02   2.7410062e-02
   3.5966440e+00   4.6085687e-02   2.7410062e-02
   3.6128238e+00   4.5503936e-02   2.6984345e-02
   3.6128238e+00   4.5503936e-02   2.6984345e-02
   3.6290036e+00   4.4925014e-02   2.6565080e-02
   3.6451834e+00   4.4353190e-02   2.6152174e-02
   3.6775431e+00   4.3230744e-02   2.5345069e-02
   3.7422623e+00   4.1069374e-02   2.3803180e-02
   3.7617626e+00   4.0439528e-02   2.3356847e-02
   3.7617626e+00   4.0439528e-02   2.3356847e-02
   3.7755515e+00   4.0000000e-02   2.3046191e-02
   3.7755515e+00   4.0000000e-02   2.3046191e-02
   3.7893403e+00   3.9565257e-02   2.2739578e-02
   3.8031291e+00   3.9135260e-02   2.2436956e-02
   3.8307068e+00   3.8289310e-02   2.1843489e-02
   3.8314108e+00   3.8267958e-02   2.1828542e-02
   3.8314108e+00   3.8267958e-02   2.1828542e-02
   3.8447997e+00   3.7864137e-02   2.1546171e-02
   3.8447997e+00   3.7864137e-02   2.1546171e-02
   3.8581886e+00   3.7464607e-02   2.1267377e-02
   3.8715776e+00   3.7069323e-02   2.0992117e-02
   3.8983555e+00   3.6291320e-02   2.0452025e-02
   3.9519112e+00   3.4784338e-02   1.9412377e-02
   4.0590227e+00   3.1956951e-02   1.7486198e-02
   4.2732457e+00   2.6977642e-02   1.4180072e-02
   4.7016916e+00   1.9247134e-02   9.3068247e-03
   4.8612816e+00   1.6964657e-02   7.9515110e-03
   5.0208715e+00   1.4958443e-02   6.7919241e-03
   5.4281205e+00   1.0896941e-02   4.5384632e-03
   5.5558311e+00   9.8237734e-03   3.9986040e-03
   5.6835418e+00   8.8794304e-03   3.5226555e-03
   6.0064782e+00   6.9110012e-03   2.5559625e-03
   6.1694425e+00   6.0665393e-03   2.1736339e-03
   6.3324067e+00   5.3330294e-03   1.8483429e-03
   6.6353996e+00   4.2345489e-03   1.3671146e-03
   6.7945866e+00   3.7174599e-03   1.1666963e-03
   6.9537735e+00   3.2746927e-03   9.9561529e-04
   7.2361607e+00   2.6495176e-03   7.5142957e-04
   7.4096443e+00   2.3011995e-03   6.3210999e-04
   7.5831280e+00   2.0027500e-03   5.3172163e-04
   7.8412431e+00   1.6675766e-03   4.1107032e-04
   8.0161410e+00   1.4412701e-03   3.4528006e-04
   8.1910390e+00   1.2494867e-03   2.9001449e-04
   8.4287363e+00   1.0640957e-03   2.2880143e-04
   8.6134994e+00   9.1713072e-04   1.9029198e-04
   8.7982625e+00   7.9036021e-04   1.5826240e-04
   9.0181982e+00   6.9277052e-04   1.2708458e-04
   9.2437258e+00   6.7947683e-04   1.0148009e-04
   9.3904879e+00   5.1543560e-04   8.7658256e-05
   9.5372500e+00   4.3732518e-04   7.5718758e-05
   9.7557425e+00   3.7790460e-04   6.0888120e-05
   1.0029556e+01   4.4901927e-04   4.6332832e-05
   1.0149004e+01   2.8241204e-04   4.1127389e-05
   1.0268452e+01   2.3590250e-04   3.6506737e-05
   1.0501125e+01   2.0744249e-04   2.8943567e-05
   1.0717219e+01   1.9246853e-04   2.3329946e-05
   1.0933314e+01   2.0194993e-04   1.8805057e-05
   1.1138302e+01   2.3140392e-04   1.5326669e-05
   1.1311115e+01   1.7487155e-04   1.2899207e-05
   1.1470247e+01   1.1851231e-04   1.1005418e-05
   1.1654850e+01   1.0012849e-04   9.1540239e-06
   1.1881310e+01   1.1615571e-04   7.3026339e-06
   1.2060642e+01   9.2241703e-05   6.1061675e-06
   1.2239974e+01   7.3581002e-05   5.1057291e-06
   1.2454338e+01   8.3142398e-05   4.1225535e-06
   1.2681610e+01   1.5615507e-04   3.2861042e-06
   1.2831463e+01   6.5020207e-05   2.8297274e-06
   1.2981316e+01   3.7943092e-05   2.4367323e-06
   1.3201397e+01   4.2582756e-05   1.9563131e-06
   1.3417254e+01   5.6323410e-05   1.5772462e-06
   1.3633111e+01   9.5227265e-05   1.2716295e-06
   1.3830796e+01   1.2718236e-04   1.0439892e-06
   1.3998042e+01   7.1107101e-05   8.8353153e-07
   1.4160406e+01   3.6849048e-05   7.5138649e-07
   1.4355029e+01   3.5209727e-05   6.1876490e-07
   1.4587086e+01   7.8052767e-05   4.9087016e-07
   1.4753190e+01   4.0396711e-05   4.1589864e-07
   1.4919293e+01   2.2696928e-05   3.5237765e-07
   1.5140956e+01   3.5793700e-05   2.8245761e-07
   1.5341456e+01   4.2244981e-05   2.3124314e-07
   1.5541957e+01   5.2286813e-05   1.8931474e-07
   1.5746090e+01   7.6345625e-05   1.5442788e-07
   1.5936732e+01   8.1259255e-05   1.2767710e-07
   1.6111877e+01   5.3519817e-05   1.0720519e-07
   1.6289724e+01   3.6941681e-05   8.9773474e-08
   1.6489449e+01   4.2219663e-05   7.3552808e-08
   1.6705735e+01   7.9510120e-05   5.9275384e-08
   1.6907174e+01   1.2185213e-04   4.8482282e-08
   1.7076849e+01   7.1257035e-05   4.0931373e-08
   1.7237098e+01   3.1976659e-05   3.4883005e-08
   1.7426595e+01   2.8117646e-05   2.8873380e-08
   1.7656359e+01   6.3480119e-05   2.2957902e-08
   1.7828773e+01   3.7516180e-05   1.9329392e-08
   1.8001188e+01   2.2508435e-05   1.6274370e-08
   1.8219712e+01   3.7738500e-05   1.3086072e-08
   1.8460317e+01   1.4621446e-04   1.0293088e-08
   1.8599200e+01   2.9139900e-05   8.9611284e-09
   1.8738082e+01   5.5296738e-06   7.8015285e-09
   1.8963726e+01   1.4715628e-05   6.2287245e-09
   1.9182429e+01   3.2491907e-05   5.0075670e-09
   1.9401132e+01   7.8107262e-05   4.0258205e-09
   1.9600939e+01   1.2311402e-04   3.2981472e-09
   1.9766580e+01   6.0563689e-05   2.7957050e-09
   1.9925043e+01   2.3200882e-05   2.3868402e-09
   2.0117680e+01   2.2083114e-05   1.9694552e-09
   2.0352661e+01   6.5947523e-05   1.5578302e-09
   2.0519004e+01   3.1114095e-05   1.3195836e-09
   2.0685348e+01   1.5125602e-05   1.1177733e-09
   2.0908855e+01   3.0213304e-05   8.9433348e-10
   2.1107973e+01   3.6253700e-05   7.3318588e-10
   2.1307090e+01   4.4692595e-05   6.0107504e-10
   2.1512777e+01   7.0001877e-05   4.8954963e-10
   2.1706407e+01   8.2572617e-05   4.0354242e-10
   2.1882179e+01   5.5173259e-05   3.3862624e-10
   2.2056985e+01   3.4699612e-05   2.8442654e-10
   2.2253037e+01   3.6682309e-05   2.3389098e-10
   2.2470062e+01   7.0268146e-05   1.8835106e-10
   2.2676859e+01   1.2512365e-04   1.5323390e-10
   2.2849812e+01   8.2465065e-05   1.2894594e-10
   2.3006899e+01   3.2977429e-05   1.1023908e-10
   2.3189156e+01   2.4868689e-05   9.1908674e-11
   2.3415632e+01   5.0932865e-05   7.3318912e-11
   2.3597141e+01   3.8253052e-05   6.1173160e-11
   2.3778651e+01   2.8200341e-05   5.1039430e-11
   2.3992276e+01   4.5957020e-05   4.1241436e-11
   2.4215824e+01   1.1890630e-04   3.2996028e-11
   2.4405492e+01   1.4509384e-04   2.7306806e-11
   2.4557857e+01   4.6606485e-05   2.3455551e-11
   2.4715323e+01   1.8517204e-05   2.0045158e-11
   2.4922065e+01   2.3926569e-05   1.6308725e-11
   2.5171901e+01   1.0624693e-04   1.2710321e-11
   2.5316318e+01   2.5353701e-05   1.1004610e-11
   2.5460736e+01   6.7929896e-06   9.5278035e-12
   2.5695434e+01   1.8452879e-05   7.5385772e-12
   2.5905355e+01   3.0071490e-05   6.1139571e-12
   2.6115276e+01   5.2342869e-05   4.9585579e-12
   2.6323650e+01   9.6582322e-05   4.0277147e-12
   2.6506181e+01   8.5026901e-05   3.3570732e-12
   2.6669642e+01   3.8278417e-05   2.8518510e-12
   2.6846423e+01   2.4905181e-05   2.3906766e-12
   2.7059897e+01   3.9906509e-05   1.9320313e-12
   2.7289873e+01   1.2053492e-04   1.5358776e-12
   2.7439079e+01   3.3747060e-05   1.3234251e-12
   2.7588286e+01   1.0664684e-05   1.1403602e-12
   2.7810030e+01   1.9914025e-05   9.1401142e-13
   2.8025234e+01   3.6491385e-05   7.3738637e-13
   2.8240438e+01   7.5716247e-05   5.9489254e-13
   2.8439288e+01   1.1149540e-04   4.8783059e-13
   2.8608173e+01   6.1406609e-05   4.1217745e-13
   2.8770667e+01   2.7336879e-05   3.5048440e-13
   2.8963382e+01   2.6052266e-05   2.8917245e-13
   2.9193437e+01   6.6289485e-05   2.2986054e-13
   2.9362514e+01   3.4734902e-05   1.9417617e-13
   2.9531591e+01   1.8606136e-05   1.6403151e-13
   2.9751228e+01   3.3085608e-05   1.3174940e-13
   2.9997554e+01   1.5244221e-04   1.0303947e-13
   3.0132264e+01   2.5359359e-05   9.0079756e-14
   3.0266973e+01   1.9089838e-06   7.8749999e-14
   3.0494075e+01   1.1563471e-05   6.2781979e-14
   3.0713303e+01   2.9655713e-05   5.0446474e-14
   3.0932532e+01   7.5901783e-05   4.0534574e-14
   3.1132992e+01   1.2383269e-04   3.3185831e-14
   3.1298539e+01   6.0247932e-05   2.8132525e-14
   3.1456176e+01   2.1752721e-05   2.4037640e-14
   3.1648086e+01   2.0417387e-05   1.9848179e-14
   3.1883350e+01   6.3652026e-05   1.5694856e-14
   3.2050235e+01   3.0113140e-05   1.3287015e-14
   3.2217119e+01   1.4491254e-05   1.1248518e-14
   3.2440680e+01   2.9976677e-05   8.9989922e-15
   3.2639237e+01   3.5662070e-05   7.3811724e-15
   3.2837794e+01   4.3398371e-05   6.0541211e-15
   3.3043713e+01   6.8490548e-05   4.9292170e-15
   3.3238238e+01   8.3061195e-05   4.0591618e-15
   3.3414466e+01   5.6359855e-05   3.4042319e-15
   3.3588612e+01   3.4769032e-05   2.8608526e-15
   3.3783457e+01   3.5715970e-05   2.3549480e-15
   3.4000259e+01   6.7689940e-05   1.8963684e-15
   3.4208459e+01   1.2467517e-04   1.5401787e-15
   3.4382743e+01   8.6228040e-05   1.2939420e-15
   3.4539412e+01   3.3876406e-05   1.1063283e-15
   3.4719605e+01   2.4421636e-05   9.2386565e-16
   3.4944529e+01   4.7903216e-05   7.3764766e-16
   3.5129016e+01   3.8908477e-05   6.1321126e-16
   3.5313503e+01   3.0991375e-05   5.0969656e-16
   3.5525191e+01   4.9339318e-05   4.1217786e-16
   3.5742991e+01   1.1001981e-04   3.3118654e-16
   3.5930673e+01   1.2042291e-04   2.7420574e-16
   3.6087784e+01   4.6079647e-05   2.3406186e-16
   3.6252228e+01   2.2806654e-05   1.9826883e-16
   3.6460976e+01   3.0239606e-05   1.6052538e-16
   3.6703661e+01   1.1123556e-04   1.2547221e-16
   3.6850368e+01   2.9515877e-05   1.0805038e-16
   3.6997075e+01   9.4028687e-06   9.3000960e-17
   3.7227073e+01   2.0175469e-05   7.3424415e-17
   3.7438643e+01   3.3226277e-05   5.8981752e-17
   3.7650214e+01   6.0194963e-05   4.7287687e-17
   3.7855167e+01   1.0149255e-04   3.8086022e-17
   3.8033061e+01   7.6112956e-05   3.1490687e-17
   3.8196490e+01   3.4612219e-05   2.6381404e-17
   3.8378941e+01   2.6010023e-05   2.1580132e-17
   3.8597956e+01   4.8033706e-05   1.6859924e-17
   3.8824839e+01   1.4094163e-04   1.2944851e-17
   3.8970415e+01   3.4741076e-05   1.0861409e-17
   3.9115991e+01   9.2559570e-06   9.0596449e-18
   3.9335067e+01   1.7371357e-05   6.7966875e-18
   3.9554492e+01   3.6741142e-05   4.9754704e-18
   3.9773917e+01   8.9115294e-05   3.5123625e-18
   3.9969725e+01   1.2567224e-04   2.4514574e-18
   4.0000000e+01   7.4318444e-05   2.3051493e-18
