   0.0000000e+00   0.0000000e+00   0.0000000e+00
   3.1554436e-30   5.9053926e-58   5.9053926e-58
   2.3257563e-19   3.2081623e-36   3.2081623e-36
   2.3257563e-19   3.2081623e-36   3.2081623e-36
   2.3398732e-19   3.2472263e-36   3.2472263e-36
   2.3398732e-19   3.2472263e-36   3.2472263e-36
   1.0047546e-05   5.9871809e-09   5.9874526e-09
   6.0285274e-05   2.1547585e-07   2.1553372e-07
   2.5191198e-04   3.7584736e-06   3.7624769e-06
   2.5191198e-04   3.7584736e-06   3.7624769e-06
   2.5344104e-04   3.8042071e-06   3.8082820e-06
   2.5344104e-04   3.8042071e-06   3.8082820e-06
   3.0241353e-04   5.4150103e-06   5.4218394e-06
   3.0241353e-04   5.4150103e-06   5.4218394e-06
   3.0424912e-04   5.4808927e-06   5.4878433e-06
   3.0424912e-04   5.4808927e-06   5.4878433e-06
   5.0478929e-04   1.5071776e-05   1.5101865e-05
   5.0478929e-04   1.5071776e-05   1.5101865e-05
   5.0785326e-04   1.5255062e-05   1.5285678e-05
   5.0785326e-04   1.5255062e-05   1.5285678e-05
   6.0618938e-04   2.1724103e-05   2.1774898e-05
   6.0618938e-04   2.1724103e-05   2.1774898e-05
   6.0986883e-04   2.1988227e-05   2.2039905e-05
   6.0986883e-04   2.1988227e-05   2.2039905e-05
   7.5854823e-04   3.3991534e-05   3.4087426e-05
   7.5854823e-04   3.3991534e-05   3.4087426e-05
   7.6315246e-04   3.4404672e-05   3.4502214e-05
   7.6315246e-04   3.4404672e-05   3.4502214e-05
   9.1121283e-04   4.9015113e-05   4.9175491e-05
   9.1121283e-04   4.9015113e-05   4.9175491e-05
   9.1674371e-04   4.9610658e-05   4.9773765e-05
   9.1674371e-04   4.9610658e-05   4.9773765e-05
   1.0131589e-03   6.0567444e-05   6.0782791e-05
   1.0131589e-03   6.0567444e-05   6.0782791e-05
   1.0193086e-03   6.1303194e-05   6.1522179e-05
   1.0193086e-03   6.1303194e-05   6.1522179e-05
   1.2174691e-03   8.7376001e-05   8.7732895e-05
   1.2174691e-03   8.7376001e-05   8.7732895e-05
   1.2248589e-03   8.8436948e-05   8.8799783e-05
   1.2248589e-03   8.8436948e-05   8.8799783e-05
   1.2686345e-03   9.4852334e-05   9.5251570e-05
   1.2686345e-03   9.4852334e-05   9.5251570e-05
   1.2763348e-03   9.6003934e-05   9.6409789e-05
   1.2763348e-03   9.6003934e-05   9.6409789e-05
   1.5250302e-03   1.3690719e-04   1.3756239e-04
   1.5250302e-03   1.3690719e-04   1.3756239e-04
   1.5342868e-03   1.3856841e-04   1.3923424e-04
   1.5342868e-03   1.3856841e-04   1.3923424e-04
   1.7824453e-03   1.8680653e-04   1.8779354e-04
   1.7824453e-03   1.8680653e-04   1.8779354e-04
   1.7932643e-03   1.8907177e-04   1.9007436e-04
   1.7932643e-03   1.8907177e-04   1.9007436e-04
   1.8340614e-03   1.9773532e-04   1.9879776e-04
   1.8340614e-03   1.9773532e-04   1.9879776e-04
   1.8451938e-03   2.0013276e-04   2.0121185e-04
   1.8451938e-03   2.0013276e-04   2.0121185e-04
   2.0410354e-03   2.4464653e-04   2.4603912e-04
   2.0410354e-03   2.4464653e-04   2.4603912e-04
   2.0534241e-03   2.4761099e-04   2.4902465e-04
   2.0534241e-03   2.4761099e-04   2.4902465e-04
   2.1448502e-03   2.7003365e-04   2.7160684e-04
   2.1448502e-03   2.7003365e-04   2.7160684e-04
   2.1578690e-03   2.7330467e-04   2.7490110e-04
   2.1578690e-03   2.7330467e-04   2.7490110e-04
   2.1968477e-03   2.8321445e-04   2.8488120e-04
   2.1968477e-03   2.8321445e-04   2.8488120e-04
   2.2101821e-03   2.8664454e-04   2.8833558e-04
   2.2101821e-03   2.8664454e-04   2.8833558e-04
   2.2489110e-03   2.9672252e-04   2.9848470e-04
   2.2489110e-03   2.9672252e-04   2.9848470e-04
   2.2625614e-03   3.0031557e-04   3.0210303e-04
   2.2625614e-03   3.0031557e-04   3.0210303e-04
   2.3010390e-03   3.1055838e-04   3.1241753e-04
   2.3010390e-03   3.1055838e-04   3.1241753e-04
   2.3150059e-03   3.1431827e-04   3.1620360e-04
   2.3150059e-03   3.1431827e-04   3.1620360e-04
   2.3532303e-03   3.2472238e-04   3.2667965e-04
   2.3532303e-03   3.2472238e-04   3.2667965e-04
   2.3675140e-03   3.2865302e-04   3.3063724e-04
   2.3675140e-03   3.2865302e-04   3.3063724e-04
   2.4054829e-03   3.3921472e-04   3.4127072e-04
   2.4054829e-03   3.3921472e-04   3.4127072e-04
   2.4200837e-03   3.4331999e-04   3.4540358e-04
   2.4200837e-03   3.4331999e-04   3.4540358e-04
   2.4577936e-03   3.5403528e-04   3.5618999e-04
   2.4577936e-03   3.5403528e-04   3.5618999e-04
   2.4727120e-03   3.5831908e-04   3.6050180e-04
   2.4727120e-03   3.5831908e-04   3.6050180e-04
   2.5101621e-03   3.6918461e-04   3.7143721e-04
   2.5101621e-03   3.6918461e-04   3.7143721e-04
   2.5253983e-03   3.7365084e-04   3.7593161e-04
   2.5253983e-03   3.7365084e-04   3.7593161e-04
   2.5462705e-03   3.7981204e-04   3.8213109e-04
   2.5462705e-03   3.7981204e-04   3.8213109e-04
   2.5467793e-03   3.7996287e-04   3.8228285e-04
   2.5467793e-03   3.7996287e-04   3.8228285e-04
   2.5617227e-03   3.8440529e-04   3.8675242e-04
   2.5617227e-03   3.8440529e-04   3.8675242e-04
   2.5620803e-03   3.8451188e-04   3.8685966e-04
   2.5620803e-03   3.8451188e-04   3.8685966e-04
   2.5622378e-03   3.8455886e-04   3.8690692e-04
   2.5622378e-03   3.8455886e-04   3.8690692e-04
   2.5625875e-03   3.8466314e-04   3.8701184e-04
   2.5625875e-03   3.8466314e-04   3.8701184e-04
   2.5776285e-03   3.8916170e-04   3.9153747e-04
   2.5776285e-03   3.8916170e-04   3.9153747e-04
   2.5781419e-03   3.8931571e-04   3.9169239e-04
   2.5781419e-03   3.8931571e-04   3.9169239e-04
   2.8248996e-03   4.6680413e-04   4.6959069e-04
   2.8248996e-03   4.6680413e-04   4.6959069e-04
   2.8420462e-03   4.7244579e-04   4.7525848e-04
   2.8420462e-03   4.7244579e-04   4.7525848e-04
   3.0873054e-03   5.5679930e-04   5.5995296e-04
   3.0873054e-03   5.5679930e-04   5.5995296e-04
   3.1060447e-03   5.6352552e-04   5.6670275e-04
   3.1060447e-03   5.6352552e-04   5.6670275e-04
   3.3498039e-03   6.5465394e-04   6.5810661e-04
   3.3498039e-03   6.5465394e-04   6.5810661e-04
   3.3701365e-03   6.6256019e-04   6.6603326e-04
   3.3701365e-03   6.6256019e-04   6.6603326e-04
   3.6123943e-03   7.6037320e-04   7.6405949e-04
   3.6123943e-03   7.6037320e-04   7.6405949e-04
   3.6343208e-03   7.6955504e-04   7.7325796e-04
   3.6343208e-03   7.6955504e-04   7.7325796e-04
   3.8750755e-03   8.7396216e-04   8.7781929e-04
   3.8750755e-03   8.7396216e-04   8.7781929e-04
   3.8985965e-03   8.8451519e-04   8.8838464e-04
   3.8985965e-03   8.8451519e-04   8.8838464e-04
   4.1378466e-03   9.9542580e-04   9.9939362e-04
   4.1378466e-03   9.9542580e-04   9.9939362e-04
   4.1629626e-03   1.0074457e-03   1.0114210e-03
   4.1629626e-03   1.0074457e-03   1.0114210e-03
   4.4007066e-03   1.1247690e-03   1.1287899e-03
   4.4007066e-03   1.1247690e-03   1.1287899e-03
   4.4274180e-03   1.1383513e-03   1.1423745e-03
   4.4274180e-03   1.1383513e-03   1.1423745e-03
   4.6636543e-03   1.2619964e-03   1.2660155e-03
   4.6636543e-03   1.2619964e-03   1.2660155e-03
   4.6919617e-03   1.2772370e-03   1.2812527e-03
   4.6919617e-03   1.2772370e-03   1.2812527e-03
   4.9266885e-03   1.4071127e-03   1.4110774e-03
   4.9266885e-03   1.4071127e-03   1.4110774e-03
   4.9565925e-03   1.4241073e-03   1.4280627e-03
   4.9565925e-03   1.4241073e-03   1.4280627e-03
   5.1898082e-03   1.5601224e-03   1.5639828e-03
   5.1898082e-03   1.5601224e-03   1.5639828e-03
   5.2213093e-03   1.5789668e-03   1.5828116e-03
   5.2213093e-03   1.5789668e-03   1.5828116e-03
   5.4530120e-03   1.7210297e-03   1.7247384e-03
   5.4530120e-03   1.7210297e-03   1.7247384e-03
   5.4861107e-03   1.7418199e-03   1.7455062e-03
   5.4861107e-03   1.7418199e-03   1.7455062e-03
   5.7162986e-03   1.8898390e-03   1.8933509e-03
   5.7162986e-03   1.8898390e-03   1.8933509e-03
   5.7509954e-03   1.9126708e-03   1.9161534e-03
   5.7509954e-03   1.9126708e-03   1.9161534e-03
   5.9796668e-03   2.0665543e-03   2.0698266e-03
   5.9796668e-03   2.0665543e-03   2.0698266e-03
   6.0159622e-03   2.0915235e-03   2.0947597e-03
   6.0159622e-03   2.0915235e-03   2.0947597e-03
   6.2431151e-03   2.2511794e-03   2.2541720e-03
   6.2431151e-03   2.2511794e-03   2.2541720e-03
   6.2810096e-03   2.2783822e-03   2.2813313e-03
   6.2810096e-03   2.2783822e-03   2.2813313e-03
   6.5066421e-03   2.4437181e-03   2.4463929e-03
   6.5066421e-03   2.4437181e-03   2.4463929e-03
   6.5461361e-03   2.4732503e-03   2.4758744e-03
   6.5461361e-03   2.4732503e-03   2.4758744e-03
   6.7702462e-03   2.6441738e-03   2.6464953e-03
   6.7702462e-03   2.6441738e-03   2.6464953e-03
   6.8113403e-03   2.6761317e-03   2.6783950e-03
   6.8113403e-03   2.6761317e-03   2.6783950e-03
   7.0339258e-03   2.8525500e-03   2.8544846e-03
   7.0339258e-03   2.8525500e-03   2.8544846e-03
   7.0766204e-03   2.8870296e-03   2.8888985e-03
   7.0766204e-03   2.8870296e-03   2.8888985e-03
   7.2976793e-03   3.0688499e-03   3.0703664e-03
   7.2976793e-03   3.0688499e-03   3.0703664e-03
   7.3419748e-03   3.1059472e-03   3.1073905e-03
   7.3419748e-03   3.1059472e-03   3.1073905e-03
   7.5615050e-03   3.2930762e-03   3.2941455e-03
   7.5615050e-03   3.2930762e-03   3.2941455e-03
   7.6074018e-03   3.3328874e-03   3.3338762e-03
   7.6074018e-03   3.3328874e-03   3.3338762e-03
   7.8254009e-03   3.5252318e-03   3.5258270e-03
   7.8254009e-03   3.5252318e-03   3.5258270e-03
   7.8728996e-03   3.5678531e-03   3.5683603e-03
   7.8728996e-03   3.5678531e-03   3.5683603e-03
   8.0893653e-03   3.7653191e-03   3.7654152e-03
   8.0893653e-03   3.7653191e-03   3.7654152e-03
   8.1384662e-03   3.8108468e-03   3.8108474e-03
   8.1384662e-03   3.8108468e-03   3.8108474e-03
   8.3533962e-03   4.0133404e-03   4.0129144e-03
   8.3533962e-03   4.0133404e-03   4.0129144e-03
   8.4040997e-03   4.0618705e-03   4.0613419e-03
   8.4040997e-03   4.0618705e-03   4.0613419e-03
   8.6174914e-03   4.2692975e-03   4.2683285e-03
   8.6174914e-03   4.2692975e-03   4.2683285e-03
   8.6697979e-03   4.3209265e-03   4.3198476e-03
   8.6697979e-03   4.3209265e-03   4.3198476e-03
   8.8816488e-03   4.5331922e-03   4.5316611e-03
   8.8816488e-03   4.5331922e-03   4.5316611e-03
   8.9355587e-03   4.5880162e-03   4.5863682e-03
   8.9355587e-03   4.5880162e-03   4.5863682e-03
   9.1458662e-03   4.8050258e-03   4.8029153e-03
   9.1458662e-03   4.8050258e-03   4.8029153e-03
   9.2013798e-03   4.8631412e-03   4.8609069e-03
   9.2013798e-03   4.8631412e-03   4.8609069e-03
   9.4101411e-03   5.0847994e-03   5.0820938e-03
   9.4101411e-03   5.0847994e-03   5.0820938e-03
   9.4672588e-03   5.1463025e-03   5.1434665e-03
   9.4672588e-03   5.1463025e-03   5.1434665e-03
   9.6744710e-03   5.3725137e-03   5.3691992e-03
   9.6744710e-03   5.3725137e-03   5.3691992e-03
   9.7331932e-03   5.4375008e-03   5.4340493e-03
   9.7331932e-03   5.4375008e-03   5.4340493e-03
   9.9388534e-03   5.6681690e-03   5.6642334e-03
   9.9388534e-03   5.6681690e-03   5.6642334e-03
   9.9991803e-03   5.7367364e-03   5.7326575e-03
   9.9991803e-03   5.7367364e-03   5.7326575e-03
   1.0203285e-02   5.9717653e-03   5.9671978e-03
   1.0203285e-02   5.9717653e-03   5.9671978e-03
   1.0265217e-02   6.0440094e-03   6.0392925e-03
   1.0265217e-02   6.0440094e-03   6.0392925e-03
   1.0467764e-02   6.2833021e-03   6.2780934e-03
   1.0467764e-02   6.2833021e-03   6.2780934e-03
   1.0531302e-02   6.3593193e-03   6.3539554e-03
   1.0531302e-02   6.3593193e-03   6.3539554e-03
   1.0732287e-02   6.6027786e-03   6.5969208e-03
   1.0732287e-02   6.6027786e-03   6.5969208e-03
   1.0797430e-02   6.6826652e-03   6.6766465e-03
   1.0797430e-02   6.6826652e-03   6.6766465e-03
   1.0996850e-02   6.9301934e-03   6.9236799e-03
   1.0996850e-02   6.9301934e-03   6.9236799e-03
   1.1063599e-02   7.0140457e-03   7.0073658e-03
   1.1063599e-02   7.0140457e-03   7.0073658e-03
   1.1261450e-02   7.2655446e-03   7.2583699e-03
   1.1261450e-02   7.2655446e-03   7.2583699e-03
   1.1329805e-02   7.3534590e-03   7.3461127e-03
   1.1329805e-02   7.3534590e-03   7.3461127e-03
   1.1526084e-02   7.6088298e-03   7.6009896e-03
   1.1526084e-02   7.6088298e-03   7.6009896e-03
   1.1596046e-02   7.7009026e-03   7.6928859e-03
   1.1596046e-02   7.7009026e-03   7.6928859e-03
   1.1790748e-02   7.9600461e-03   7.9515369e-03
   1.1790748e-02   7.9600461e-03   7.9515369e-03
   1.1862316e-02   8.0563737e-03   8.0476832e-03
   1.1862316e-02   8.0563737e-03   8.0476832e-03
   1.2055438e-02   8.3191899e-03   8.3100092e-03
   1.2055438e-02   8.3191899e-03   8.3100092e-03
   1.2128613e-02   8.4198686e-03   8.4105020e-03
   1.2128613e-02   8.4198686e-03   8.4105020e-03
   1.2320150e-02   8.6862569e-03   8.6764030e-03
   1.2320150e-02   8.6862569e-03   8.6764030e-03
   1.2394931e-02   8.7913830e-03   8.7813387e-03
   1.2394931e-02   8.7913830e-03   8.7813387e-03
   1.2584879e-02   9.0612422e-03   9.0507140e-03
   1.2584879e-02   9.0612422e-03   9.0507140e-03
   1.2661267e-02   9.1709120e-03   9.1601890e-03
   1.2661267e-02   9.1709120e-03   9.1601890e-03
   1.2802256e-02   9.3750549e-03   9.3639724e-03
   1.2802256e-02   9.3750549e-03   9.3639724e-03
   1.2824078e-02   9.4068531e-03   9.3957150e-03
   1.2824078e-02   9.4068531e-03   9.3957150e-03
   1.2878145e-02   9.4858657e-03   9.4745897e-03
   1.2878145e-02   9.4858657e-03   9.4745897e-03
   1.2900097e-02   9.5180389e-03   9.5067069e-03
   1.2900097e-02   9.5180389e-03   9.5067069e-03
   1.3151285e-02   9.8900610e-03   9.8780881e-03
   1.3387251e-02   1.0246011e-02   1.0233436e-02
   1.3387251e-02   1.0246011e-02   1.0233436e-02
   1.3410377e-02   1.0281233e-02   1.0268599e-02
   1.3410377e-02   1.0281233e-02   1.0268599e-02
   1.3470246e-02   1.0372698e-02   1.0359911e-02
   1.3470246e-02   1.0372698e-02   1.0359911e-02
   1.3493517e-02   1.0408358e-02   1.0395512e-02
   1.3493517e-02   1.0408358e-02   1.0395512e-02
   1.3537955e-02   1.0476627e-02   1.0463667e-02
   1.3537955e-02   1.0476627e-02   1.0463667e-02
   1.3620128e-02   1.0603450e-02   1.0590280e-02
   1.3620128e-02   1.0603450e-02   1.0590280e-02
   1.3749739e-02   1.0805034e-02   1.0791533e-02
   1.3749739e-02   1.0805034e-02   1.0791533e-02
   1.3833197e-02   1.0935837e-02   1.0922124e-02
   1.3833197e-02   1.0935837e-02   1.0922124e-02
   1.3961508e-02   1.1138470e-02   1.1124428e-02
   1.3961508e-02   1.1138470e-02   1.1124428e-02
   1.4046252e-02   1.1273316e-02   1.1259058e-02
   1.4046252e-02   1.1273316e-02   1.1259058e-02
   1.4173260e-02   1.1476930e-02   1.1462347e-02
   1.4173260e-02   1.1476930e-02   1.1462347e-02
   1.4259289e-02   1.1615880e-02   1.1601076e-02
   1.4259289e-02   1.1615880e-02   1.1601076e-02
   1.4384991e-02   1.1820408e-02   1.1805281e-02
   1.4384991e-02   1.1820408e-02   1.1805281e-02
   1.4472305e-02   1.1963523e-02   1.1948171e-02
   1.4472305e-02   1.1963523e-02   1.1948171e-02
   1.4596698e-02   1.2168897e-02   1.2153225e-02
   1.4596698e-02   1.2168897e-02   1.2153225e-02
   1.4685297e-02   1.2316238e-02   1.2300337e-02
   1.4685297e-02   1.2316238e-02   1.2300337e-02
   1.4808379e-02   1.2522391e-02   1.2506172e-02
   1.4808379e-02   1.2522391e-02   1.2506172e-02
   1.4898263e-02   1.2674019e-02   1.2657567e-02
   1.4898263e-02   1.2674019e-02   1.2657567e-02
   1.5020029e-02   1.2880884e-02   1.2864115e-02
   1.5020029e-02   1.2880884e-02   1.2864115e-02
   1.5111198e-02   1.3036861e-02   1.3019854e-02
   1.5111198e-02   1.3036861e-02   1.3019854e-02
   1.5231647e-02   1.3244370e-02   1.3227047e-02
   1.5231647e-02   1.3244370e-02   1.3227047e-02
   1.5324100e-02   1.3404756e-02   1.3387190e-02
   1.5324100e-02   1.3404756e-02   1.3387190e-02
   1.5443230e-02   1.3612843e-02   1.3594962e-02
   1.5443230e-02   1.3612843e-02   1.3594962e-02
   1.5536968e-02   1.3777700e-02   1.3759570e-02
   1.5536968e-02   1.3777700e-02   1.3759570e-02
   1.5654776e-02   1.3986296e-02   1.3967853e-02
   1.5654776e-02   1.3986296e-02   1.3967853e-02
   1.5749797e-02   1.4155685e-02   1.4136987e-02
   1.5749797e-02   1.4155685e-02   1.4136987e-02
   1.5866282e-02   1.4364725e-02   1.4345712e-02
   1.5866282e-02   1.4364725e-02   1.4345712e-02
   1.5962587e-02   1.4538706e-02   1.4519432e-02
   1.5962587e-02   1.4538706e-02   1.4519432e-02
   1.6077746e-02   1.4748122e-02   1.4728534e-02
   1.6077746e-02   1.4748122e-02   1.4728534e-02
   1.6175335e-02   1.4926758e-02   1.4906900e-02
   1.6175335e-02   1.4926758e-02   1.4906900e-02
   1.6289166e-02   1.5136483e-02   1.5116310e-02
   1.6289166e-02   1.5136483e-02   1.5116310e-02
   1.6388038e-02   1.5319833e-02   1.5299384e-02
   1.6388038e-02   1.5319833e-02   1.5299384e-02
   1.6500540e-02   1.5529801e-02   1.5509035e-02
   1.6500540e-02   1.5529801e-02   1.5509035e-02
   1.6600695e-02   1.5717927e-02   1.5696876e-02
   1.6600695e-02   1.5717927e-02   1.5696876e-02
   1.6711866e-02   1.5928071e-02   1.5906701e-02
   1.6711866e-02   1.5928071e-02   1.5906701e-02
   1.6813303e-02   1.6121033e-02   1.6099370e-02
   1.6813303e-02   1.6121033e-02   1.6099370e-02
   1.6923142e-02   1.6331286e-02   1.6309302e-02
   1.6923142e-02   1.6331286e-02   1.6309302e-02
   1.7025862e-02   1.6529145e-02   1.6506858e-02
   1.7025862e-02   1.6529145e-02   1.6506858e-02
   1.7134367e-02   1.6739441e-02   1.6716830e-02
   1.7134367e-02   1.6739441e-02   1.6716830e-02
   1.7238369e-02   1.6942258e-02   1.6919334e-02
   1.7238369e-02   1.6942258e-02   1.6919334e-02
   1.7345538e-02   1.7152530e-02   1.7129279e-02
   1.7345538e-02   1.7152530e-02   1.7129279e-02
   1.7450822e-02   1.7360366e-02   1.7336790e-02
   1.7450822e-02   1.7360366e-02   1.7336790e-02
   1.7556655e-02   1.7570548e-02   1.7546642e-02
   1.7556655e-02   1.7570548e-02   1.7546642e-02
   1.7663220e-02   1.7783463e-02   1.7759220e-02
   1.7663220e-02   1.7783463e-02   1.7759220e-02
   1.7767715e-02   1.7993489e-02   1.7968911e-02
   1.7767715e-02   1.7993489e-02   1.7968911e-02
   1.7875562e-02   1.8211544e-02   1.8186616e-02
   1.7875562e-02   1.8211544e-02   1.8186616e-02
   1.7978718e-02   1.8421347e-02   1.8396080e-02
   1.7978718e-02   1.8421347e-02   1.8396080e-02
   1.8087845e-02   1.8644602e-02   1.8618972e-02
   1.8087845e-02   1.8644602e-02   1.8618972e-02
   1.8189662e-02   1.8854116e-02   1.8828142e-02
   1.8189662e-02   1.8854116e-02   1.8828142e-02
   1.8300069e-02   1.9082633e-02   1.9056280e-02
   1.8300069e-02   1.9082633e-02   1.9056280e-02
   1.8400545e-02   1.9291791e-02   1.9265089e-02
   1.8400545e-02   1.9291791e-02   1.9265089e-02
   1.8512233e-02   1.9525629e-02   1.9498533e-02
   1.8512233e-02   1.9525629e-02   1.9498533e-02
   1.8611367e-02   1.9734367e-02   1.9706916e-02
   1.8611367e-02   1.9734367e-02   1.9706916e-02
   1.8724334e-02   1.9973587e-02   1.9945725e-02
   1.8724334e-02   1.9973587e-02   1.9945725e-02
   1.8822125e-02   2.0181837e-02   2.0153614e-02
   1.8822125e-02   2.0181837e-02   2.0153614e-02
   1.8936372e-02   2.0426500e-02   2.0397848e-02
   1.8936372e-02   2.0426500e-02   2.0397848e-02
   1.9032820e-02   2.0634197e-02   2.0605177e-02
   1.9032820e-02   2.0634197e-02   2.0605177e-02
   1.9148345e-02   2.0884362e-02   2.0854894e-02
   1.9148345e-02   2.0884362e-02   2.0854894e-02
   1.9243449e-02   2.1091440e-02   2.1061598e-02
   1.9243449e-02   2.1091440e-02   2.1061598e-02
   1.9360253e-02   2.1347169e-02   2.1316858e-02
   1.9360253e-02   2.1347169e-02   2.1316858e-02
   1.9454012e-02   2.1553562e-02   2.1522869e-02
   1.9454012e-02   2.1553562e-02   2.1522869e-02
   1.9572094e-02   2.1814914e-02   2.1783731e-02
   1.9572094e-02   2.1814914e-02   2.1783731e-02
   1.9664508e-02   2.2020557e-02   2.1988984e-02
   1.9664508e-02   2.2020557e-02   2.1988984e-02
   1.9783868e-02   2.2287592e-02   2.2255508e-02
   1.9783868e-02   2.2287592e-02   2.2255508e-02
   1.9874935e-02   2.2492418e-02   2.2459936e-02
   1.9874935e-02   2.2492418e-02   2.2459936e-02
   1.9995572e-02   2.2765198e-02   2.2732180e-02
   1.9995572e-02   2.2765198e-02   2.2732180e-02
   2.0000000e-02   2.2775241e-02   2.2742203e-02
   2.0022139e-02   2.2825462e-02   2.2792325e-02
   2.0095896e-02   2.2992757e-02   2.2959285e-02
   2.0095896e-02   2.2992757e-02   2.2959285e-02
   2.0206592e-02   2.3243784e-02   2.3209802e-02
   2.0317288e-02   2.3494746e-02   2.3460245e-02
   2.0538680e-02   2.3996477e-02   2.3960910e-02
   2.0981463e-02   2.4999170e-02   2.4961361e-02
   2.1867031e-02   2.7001471e-02   2.6958738e-02
   2.2714294e-02   2.8913310e-02   2.8865324e-02
   2.2714294e-02   2.8913310e-02   2.8865324e-02
   2.4485428e-02   3.2897659e-02   3.2836997e-02
   2.4663412e-02   3.3297139e-02   3.3235077e-02
   2.4663412e-02   3.3297139e-02   3.3235077e-02
   2.6434547e-02   3.7263286e-02   3.7186070e-02
   2.7254253e-02   3.9093265e-02   3.9008286e-02
   2.7254253e-02   3.9093265e-02   3.9008286e-02
   2.7552934e-02   3.9759179e-02   3.9671254e-02
   2.7552934e-02   3.9759179e-02   3.9671254e-02
   2.7661001e-02   4.0000000e-02   3.9910995e-02
   2.7661001e-02   4.0000000e-02   3.9910995e-02
   2.7769068e-02   4.0240759e-02   4.0150665e-02
   2.7877134e-02   4.0481457e-02   4.0390265e-02
   2.8093268e-02   4.0962666e-02   4.0869256e-02
   2.8525536e-02   4.1924341e-02   4.1826398e-02
   2.9199168e-02   4.3421008e-02   4.3315745e-02
   2.9199168e-02   4.3421008e-02   4.3315745e-02
   3.0063704e-02   4.5338292e-02   4.5223183e-02
   3.0928239e-02   4.7251602e-02   4.7126143e-02
   3.1762644e-02   4.9094457e-02   4.8958535e-02
   3.1762644e-02   4.9094457e-02   4.8958535e-02
   3.3491715e-02   5.2901441e-02   5.2742381e-02
   3.3704073e-02   5.3367899e-02   5.3205863e-02
   3.3704073e-02   5.3367899e-02   5.3205863e-02
   3.5433144e-02   5.7156942e-02   5.6969600e-02
   3.6240370e-02   5.8920393e-02   5.8720589e-02
   3.6240370e-02   5.8920393e-02   5.8720589e-02
   3.7969441e-02   6.2685919e-02   6.2458055e-02
   3.8179027e-02   6.3141257e-02   6.2909867e-02
   3.8179027e-02   6.3141257e-02   6.2909867e-02
   3.9908098e-02   6.6888749e-02   6.6627254e-02
   4.0688325e-02   6.8574493e-02   6.8298827e-02
   4.0688325e-02   6.8574493e-02   6.8298827e-02
   4.2417397e-02   7.2298567e-02   7.1990223e-02
   4.2624919e-02   7.2744442e-02   7.2432060e-02
   4.2624919e-02   7.2744442e-02   7.2432060e-02
   4.4353990e-02   7.6450384e-02   7.6103397e-02
   4.5107395e-02   7.8060093e-02   7.7697500e-02
   4.5107395e-02   7.8060093e-02   7.7697500e-02
   4.5788007e-02   7.9511621e-02   7.9134660e-02
   4.5788007e-02   7.9511621e-02   7.9134660e-02
   4.6017270e-02   8.0000000e-02   7.9618141e-02
   4.6017270e-02   8.0000000e-02   7.9618141e-02
   4.6246534e-02   8.0488093e-02   8.0101307e-02
   4.6475797e-02   8.0975899e-02   8.0584159e-02
   4.6934324e-02   8.1950654e-02   8.1548917e-02
   4.7042633e-02   8.2180734e-02   8.1776619e-02
   4.7042633e-02   8.2180734e-02   8.1776619e-02
   4.7959687e-02   8.4126263e-02   8.3701762e-02
   4.8876740e-02   8.6067204e-02   8.5621867e-02
   4.9498456e-02   8.7380449e-02   8.6920734e-02
   4.9498456e-02   8.7380449e-02   8.6920734e-02
   5.1332563e-02   9.1242299e-02   9.0739000e-02
   5.1433044e-02   9.1453336e-02   9.0947600e-02
   5.1433044e-02   9.1453336e-02   9.0947600e-02
   5.3267152e-02   9.5295732e-02   9.4744611e-02
   5.3862379e-02   9.6538742e-02   9.5972533e-02
   5.3862379e-02   9.6538742e-02   9.5972533e-02
   5.5696487e-02   1.0035663e-01   9.9742853e-02
   5.5797024e-02   1.0056538e-01   9.9948942e-02
   5.5797024e-02   1.0056538e-01   9.9948942e-02
   5.7631131e-02   1.0436370e-01   1.0369801e-01
   5.8200030e-02   1.0553808e-01   1.0485679e-01
   5.8200030e-02   1.0553808e-01   1.0485679e-01
   6.0034138e-02   1.0931202e-01   1.0857945e-01
   6.0135439e-02   1.0951992e-01   1.0878447e-01
   6.0135439e-02   1.0951992e-01   1.0878447e-01
   6.1969546e-02   1.1327417e-01   1.1248587e-01
   6.2512271e-02   1.1438149e-01   1.1357728e-01
   6.2512271e-02   1.1438149e-01   1.1357728e-01
   6.4346378e-02   1.1811149e-01   1.1725256e-01
   6.4449154e-02   1.1831994e-01   1.1745791e-01
   6.4449154e-02   1.1831994e-01   1.1745791e-01
   6.4911477e-02   1.1925694e-01   1.1838087e-01
   6.4911477e-02   1.1925694e-01   1.1838087e-01
   6.5278530e-02   1.2000000e-01   1.1911273e-01
   6.5278530e-02   1.2000000e-01   1.1911273e-01
   6.5645584e-02   1.2074231e-01   1.1984379e-01
   6.6012638e-02   1.2148387e-01   1.2057403e-01
   6.6746745e-02   1.2296472e-01   1.2203210e-01
   6.6799960e-02   1.2307195e-01   1.2213767e-01
   6.6799960e-02   1.2307195e-01   1.2213767e-01
   6.8268175e-02   1.2602416e-01   1.2504366e-01
   6.8739032e-02   1.2696838e-01   1.2597288e-01
   6.8739032e-02   1.2696838e-01   1.2597288e-01
   7.0207246e-02   1.2990464e-01   1.2886181e-01
   7.1063957e-02   1.3161236e-01   1.3054155e-01
   7.1063957e-02   1.3161236e-01   1.3054155e-01
   7.2532171e-02   1.3452942e-01   1.3341003e-01
   7.3005937e-02   1.3546811e-01   1.3433289e-01
   7.3005937e-02   1.3546811e-01   1.3433289e-01
   7.4474152e-02   1.3836909e-01   1.3718429e-01
   7.5305119e-02   1.4000557e-01   1.3879238e-01
   7.5305119e-02   1.4000557e-01   1.3879238e-01
   7.6692501e-02   1.4272912e-01   1.4146803e-01
   7.6692501e-02   1.4272912e-01   1.4146803e-01
   7.7250736e-02   1.4382191e-01   1.4254137e-01
   7.7250736e-02   1.4382191e-01   1.4254137e-01
   7.7457725e-02   1.4422666e-01   1.4293888e-01
   7.7457725e-02   1.4422666e-01   1.4293888e-01
   7.7664715e-02   1.4463117e-01   1.4333613e-01
   7.7871705e-02   1.4503544e-01   1.4373313e-01
   7.8285685e-02   1.4584324e-01   1.4452636e-01
   7.9113645e-02   1.4745592e-01   1.4610973e-01
   7.9379457e-02   1.4797284e-01   1.4661720e-01
   7.9379457e-02   1.4797284e-01   1.4661720e-01
   7.9524308e-02   1.4825436e-01   1.4689355e-01
   7.9524308e-02   1.4825436e-01   1.4689355e-01
   7.9669158e-02   1.4853575e-01   1.4716978e-01
   7.9814009e-02   1.4881703e-01   1.4744589e-01
   8.0103710e-02   1.4937924e-01   1.4799772e-01
   8.0253636e-02   1.4967000e-01   1.4828311e-01
   8.0253636e-02   1.4967000e-01   1.4828311e-01
   8.0833038e-02   1.5079248e-01   1.4938475e-01
   8.0964985e-02   1.5104784e-01   1.4963534e-01
   8.0964985e-02   1.5104784e-01   1.4963534e-01
   8.1457436e-02   1.5200000e-01   1.5056969e-01
   8.1457436e-02   1.5200000e-01   1.5056969e-01
   8.1949886e-02   1.5295079e-01   1.5150258e-01
   8.2442336e-02   1.5390020e-01   1.5243402e-01
   8.3427237e-02   1.5579491e-01   1.5429253e-01
   8.5097178e-02   1.5899495e-01   1.5743045e-01
   8.5097178e-02   1.5899495e-01   1.5743045e-01
   8.5623369e-02   1.6000000e-01   1.5841574e-01
   8.5623369e-02   1.6000000e-01   1.5841574e-01
   8.6149560e-02   1.6100349e-01   1.5939936e-01
   8.6675751e-02   1.6200542e-01   1.6038132e-01
   8.7728132e-02   1.6400461e-01   1.6234028e-01
   8.9280339e-02   1.6694194e-01   1.6521753e-01
   8.9280339e-02   1.6694194e-01   1.6521753e-01
   8.9841224e-02   1.6800000e-01   1.6625366e-01
   8.9841224e-02   1.6800000e-01   1.6625366e-01
   9.0402109e-02   1.6905630e-01   1.6728791e-01
   9.0962994e-02   1.7011084e-01   1.6832027e-01
   9.2084764e-02   1.7221462e-01   1.7037935e-01
   9.3516119e-02   1.7488879e-01   1.7299574e-01
   9.3516119e-02   1.7488879e-01   1.7299574e-01
   9.4112703e-02   1.7600000e-01   1.7408262e-01
   9.4112703e-02   1.7600000e-01   1.7408262e-01
   9.4709288e-02   1.7710922e-01   1.7516737e-01
   9.5305872e-02   1.7821646e-01   1.7624998e-01
   9.6499041e-02   1.8042499e-01   1.7840882e-01
   9.7806251e-02   1.8283551e-01   1.8076421e-01
   9.7806251e-02   1.8283551e-01   1.8076421e-01
   9.8439596e-02   1.8400000e-01   1.8190171e-01
   9.8439596e-02   1.8400000e-01   1.8190171e-01
   9.9072941e-02   1.8516226e-01   1.8303682e-01
   9.9706286e-02   1.8632231e-01   1.8416952e-01
   1.0097298e-01   1.8863572e-01   1.8642771e-01
   1.0215256e-01   1.9078208e-01   1.8852197e-01
   1.0215256e-01   1.9078208e-01   1.8852197e-01
   1.0282379e-01   1.9200000e-01   1.8970996e-01
   1.0282379e-01   1.9200000e-01   1.8970996e-01
   1.0349501e-01   1.9321544e-01   1.9089525e-01
   1.0416624e-01   1.9442840e-01   1.9207784e-01
   1.0550869e-01   1.9684687e-01   1.9443493e-01
   1.0655696e-01   1.9872848e-01   1.9626799e-01
   1.0655696e-01   1.9872848e-01   1.9626799e-01
   1.0726726e-01   2.0000000e-01   1.9750630e-01
   1.0726726e-01   2.0000000e-01   1.9750630e-01
   1.0797756e-01   2.0126876e-01   1.9874160e-01
   1.0868785e-01   2.0253475e-01   1.9997387e-01
   1.1010844e-01   2.0505846e-01   2.0242934e-01
   1.1102150e-01   2.0667470e-01   2.0400116e-01
   1.1102150e-01   2.0667470e-01   2.0400116e-01
   1.1177212e-01   2.0800000e-01   2.0528961e-01
   1.1177212e-01   2.0800000e-01   2.0528961e-01
   1.1252274e-01   2.0932223e-01   2.0657469e-01
   1.1327336e-01   2.1064139e-01   2.0785639e-01
   1.1477460e-01   2.1327053e-01   2.1040966e-01
   1.1554830e-01   2.1462073e-01   2.1172028e-01
   1.1554830e-01   2.1462073e-01   2.1172028e-01
   1.1634057e-01   2.1600000e-01   2.1305865e-01
   1.1634057e-01   2.1600000e-01   2.1305865e-01
   1.1713285e-01   2.1737587e-01   2.1439326e-01
   1.1792513e-01   2.1874834e-01   2.1572412e-01
   1.1950968e-01   2.2148311e-01   2.1837454e-01
   1.2013963e-01   2.2256656e-01   2.1942404e-01
   1.2013963e-01   2.2256656e-01   2.1942404e-01
   1.2097498e-01   2.2400000e-01   2.2081210e-01
   1.2097498e-01   2.2400000e-01   2.2081210e-01
   1.2181033e-01   2.2542968e-01   2.2219597e-01
   1.2264568e-01   2.2685562e-01   2.2357566e-01
   1.2431638e-01   2.2969625e-01   2.2632250e-01
   1.2479789e-01   2.3051217e-01   2.2711106e-01
   1.2479789e-01   2.3051217e-01   2.2711106e-01
   1.2567782e-01   2.3200000e-01   2.2854852e-01
   1.2567782e-01   2.3200000e-01   2.2854852e-01
   1.2655774e-01   2.3348369e-01   2.2998133e-01
   1.2743767e-01   2.3496325e-01   2.3140951e-01
   1.2919753e-01   2.3790999e-01   2.3425195e-01
   1.2952563e-01   2.3845754e-01   2.3477982e-01
   1.2952563e-01   2.3845754e-01   2.3477982e-01
   1.3045174e-01   2.4000000e-01   2.3626636e-01
   1.3045174e-01   2.4000000e-01   2.3626636e-01
   1.3137785e-01   2.4153791e-01   2.3774776e-01
   1.3230396e-01   2.4307127e-01   2.3922403e-01
   1.3415618e-01   2.4612437e-01   2.4216114e-01
   1.3432555e-01   2.4640265e-01   2.4242869e-01
   1.3432555e-01   2.4640265e-01   2.4242869e-01
   1.3529955e-01   2.4800000e-01   2.4396396e-01
   1.3529955e-01   2.4800000e-01   2.4396396e-01
   1.3627355e-01   2.4959235e-01   2.4549354e-01
   1.3724755e-01   2.5117970e-01   2.4701744e-01
   1.3919556e-01   2.5433945e-01   2.5004820e-01
   1.3920052e-01   2.5434748e-01   2.5005590e-01
   1.3920052e-01   2.5434748e-01   2.5005590e-01
   1.4022425e-01   2.5600000e-01   2.5163949e-01
   1.4022425e-01   2.5600000e-01   2.5163949e-01
   1.4124797e-01   2.5764703e-01   2.5321680e-01
   1.4227169e-01   2.5928858e-01   2.5478784e-01
   1.4415363e-01   2.6229202e-01   2.5765954e-01
   1.4415363e-01   2.6229202e-01   2.5765954e-01
   1.4522903e-01   2.6400000e-01   2.5929100e-01
   1.4522903e-01   2.6400000e-01   2.5929100e-01
   1.4630443e-01   2.6570197e-01   2.6091553e-01
   1.4737983e-01   2.6739793e-01   2.6253313e-01
   1.4918814e-01   2.7023624e-01   2.6523755e-01
   1.4918814e-01   2.7023624e-01   2.6523755e-01
   1.5031732e-01   2.7200000e-01   2.6691635e-01
   1.5031732e-01   2.7200000e-01   2.6691635e-01
   1.5144649e-01   2.7375718e-01   2.6858752e-01
   1.5257567e-01   2.7550780e-01   2.7025104e-01
   1.5430757e-01   2.7818011e-01   2.7278767e-01
   1.5430757e-01   2.7818011e-01   2.7278767e-01
   1.5549277e-01   2.8000000e-01   2.7451324e-01
   1.5549277e-01   2.8000000e-01   2.7451324e-01
   1.5667798e-01   2.8181270e-01   2.7623038e-01
   1.5786319e-01   2.8361822e-01   2.7793911e-01
   1.5951567e-01   2.8612360e-01   2.8030748e-01
   1.5951567e-01   2.8612360e-01   2.8030748e-01
   1.6075933e-01   2.8800000e-01   2.8207913e-01
   1.6075933e-01   2.8800000e-01   2.8207913e-01
   1.6200300e-01   2.8986854e-01   2.8384152e-01
   1.6324667e-01   2.9172923e-01   2.8559465e-01
   1.6481648e-01   2.9406669e-01   2.8779430e-01
   1.6481648e-01   2.9406669e-01   2.8779430e-01
   1.6612123e-01   2.9600000e-01   2.8961130e-01
   1.6612123e-01   2.9600000e-01   2.8961130e-01
   1.6742598e-01   2.9792472e-01   2.9141810e-01
   1.6873073e-01   2.9984087e-01   2.9321471e-01
   1.7021437e-01   3.0200935e-01   2.9524525e-01
   1.7021437e-01   3.0200935e-01   2.9524525e-01
   1.7158303e-01   3.0400000e-01   2.9710675e-01
   1.7158303e-01   3.0400000e-01   2.9710675e-01
   1.7295170e-01   3.0598128e-01   2.9895702e-01
   1.7432036e-01   3.0795320e-01   3.0079607e-01
   1.7571402e-01   3.0995154e-01   3.0265718e-01
   1.7571402e-01   3.0995154e-01   3.0265718e-01
   1.7714968e-01   3.1200000e-01   3.0456220e-01
   1.7714968e-01   3.1200000e-01   3.0456220e-01
   1.7858534e-01   3.1403823e-01   3.0645487e-01
   1.8002099e-01   3.1606626e-01   3.0833520e-01
   1.8132054e-01   3.1789322e-01   3.1002661e-01
   1.8132054e-01   3.1789322e-01   3.1002661e-01
   1.8282653e-01   3.2000000e-01   3.1197407e-01
   1.8282653e-01   3.2000000e-01   3.1197407e-01
   1.8433252e-01   3.2209562e-01   3.1390794e-01
   1.8583851e-01   3.2418010e-01   3.1582823e-01
   1.8703943e-01   3.2583435e-01   3.1734977e-01
   1.8703943e-01   3.2583435e-01   3.1734977e-01
   1.8861940e-01   3.2800000e-01   3.1933842e-01
   1.8861940e-01   3.2800000e-01   3.1933842e-01
   1.9019938e-01   3.3015347e-01   3.2131212e-01
   1.9091741e-01   3.3112810e-01   3.2220413e-01
   1.9091741e-01   3.3112810e-01   3.2220413e-01
   1.9249738e-01   3.3326390e-01   3.2415608e-01
   1.9254889e-01   3.3333333e-01   3.2421947e-01
   1.9254889e-01   3.3333333e-01   3.2421947e-01
   1.9287672e-01   3.3377489e-01   3.2462251e-01
   1.9287672e-01   3.3377489e-01   3.2462251e-01
   1.9320455e-01   3.3421593e-01   3.2502490e-01
   1.9353238e-01   3.3465644e-01   3.2542665e-01
   1.9418804e-01   3.3553590e-01   3.2622821e-01
   1.9453467e-01   3.3600000e-01   3.2665093e-01
   1.9453467e-01   3.3600000e-01   3.2665093e-01
   1.9584599e-01   3.3775045e-01   3.2824361e-01
   1.9715731e-01   3.3949255e-01   3.2982600e-01
   1.9883950e-01   3.4171512e-01   3.3184083e-01
   1.9883950e-01   3.4171512e-01   3.3184083e-01
   2.0057981e-01   3.4400000e-01   3.3390744e-01
   2.0057981e-01   3.4400000e-01   3.3390744e-01
   2.0232012e-01   3.4627015e-01   3.3595590e-01
   2.0406043e-01   3.4852555e-01   3.3798622e-01
   2.0493637e-01   3.4965518e-01   3.3900127e-01
   2.0493637e-01   3.4965518e-01   3.3900127e-01
   2.0676394e-01   3.5200000e-01   3.4110428e-01
   2.0676394e-01   3.5200000e-01   3.4110428e-01
   2.0859151e-01   3.5432855e-01   3.4318727e-01
   2.1041909e-01   3.5664081e-01   3.4525026e-01
   2.1117708e-01   3.5759505e-01   3.4610002e-01
   2.1117708e-01   3.5759505e-01   3.4610002e-01
   2.1309739e-01   3.6000000e-01   3.4823742e-01
   2.1309739e-01   3.6000000e-01   3.4823742e-01
   2.1501770e-01   3.6238695e-01   3.5035273e-01
   2.1693801e-01   3.6475590e-01   3.5244595e-01
   2.1757255e-01   3.6553473e-01   3.5313277e-01
   2.1757255e-01   3.6553473e-01   3.5313277e-01
   2.1959178e-01   3.6800000e-01   3.5530231e-01
   2.1959178e-01   3.6800000e-01   3.5530231e-01
   2.2161100e-01   3.7044534e-01   3.5744742e-01
   2.2363022e-01   3.7287074e-01   3.5956811e-01
   2.2413523e-01   3.7347420e-01   3.6009467e-01
   2.2413523e-01   3.7347420e-01   3.6009467e-01
   2.2626036e-01   3.7600000e-01   3.6229378e-01
   2.2626036e-01   3.7600000e-01   3.6229378e-01
   2.2838549e-01   3.7850368e-01   3.6446584e-01
   2.3051062e-01   3.8098523e-01   3.6661084e-01
   2.3087927e-01   3.8141346e-01   3.6698019e-01
   2.3087927e-01   3.8141346e-01   3.6698019e-01
   2.3311830e-01   3.8400000e-01   3.6920594e-01
   2.3311830e-01   3.8400000e-01   3.6920594e-01
   2.3535732e-01   3.8656195e-01   3.7140166e-01
   2.3759635e-01   3.8909929e-01   3.7356735e-01
   2.3782096e-01   3.8935247e-01   3.7378294e-01
   2.3782096e-01   3.8935247e-01   3.7378294e-01
   2.4018306e-01   3.9200000e-01   3.7603195e-01
   2.4018306e-01   3.9200000e-01   3.7603195e-01
   2.4254517e-01   3.9462011e-01   3.7824754e-01
   2.4490728e-01   3.9721280e-01   3.8042970e-01
   2.4497912e-01   3.9729122e-01   3.8049554e-01
   2.4497912e-01   3.9729122e-01   3.8049554e-01
   2.4747497e-01   4.0000000e-01   3.8276387e-01
   2.4747497e-01   4.0000000e-01   3.8276387e-01
   2.4997083e-01   4.0267812e-01   3.8499489e-01
   2.5246668e-01   4.0532557e-01   3.8718859e-01
   2.5745838e-01   4.1052837e-01   3.9146404e-01
   2.6495533e-01   4.1811139e-01   3.9760483e-01
   2.6495533e-01   4.1811139e-01   3.9760483e-01
   2.6799665e-01   4.2110848e-01   4.0000000e-01
   2.6799665e-01   4.2110848e-01   4.0000000e-01
   2.7103797e-01   4.2405984e-01   4.0233976e-01
   2.7407930e-01   4.2696544e-01   4.0462412e-01
   2.8016194e-01   4.3263927e-01   4.0902660e-01
   2.8495392e-01   4.3698008e-01   4.1233884e-01
   2.8495392e-01   4.3698008e-01   4.1233884e-01
   2.8836428e-01   4.4000000e-01   4.1461233e-01
   2.8836428e-01   4.4000000e-01   4.1461233e-01
   2.9177465e-01   4.4296220e-01   4.1681614e-01
   2.9518501e-01   4.4586665e-01   4.1895028e-01
   3.0200574e-01   4.5150215e-01   4.2300954e-01
   3.1564719e-01   4.6207862e-01   4.3029203e-01
   3.3681881e-01   4.7665553e-01   4.3938692e-01
   3.3681881e-01   4.7665553e-01   4.3938692e-01
   3.4219409e-01   4.8000000e-01   4.4126862e-01
   3.4219409e-01   4.8000000e-01   4.4126862e-01
   3.4266920e-01   4.8028866e-01   4.4142662e-01
   3.4266920e-01   4.8028866e-01   4.4142662e-01
   3.4267742e-01   4.8029364e-01   4.4142934e-01
   3.4267742e-01   4.8029364e-01   4.4142934e-01
   3.4277774e-01   4.8035445e-01   4.4146252e-01
   3.4287806e-01   4.8041520e-01   4.4149565e-01
   3.4307871e-01   4.8053656e-01   4.4156172e-01
   3.4348001e-01   4.8077867e-01   4.4169313e-01
   3.4428260e-01   4.8126047e-01   4.4195305e-01
   3.4588778e-01   4.8221441e-01   4.4246133e-01
   3.4909815e-01   4.8408360e-01   4.4343159e-01
   3.5551888e-01   4.8766714e-01   4.4518688e-01
   3.5903358e-01   4.8954128e-01   4.4604313e-01
   3.5903358e-01   4.8954128e-01   4.4604313e-01
   3.5932531e-01   4.8969406e-01   4.4611088e-01
   3.5932531e-01   4.8969406e-01   4.4611088e-01
   3.5961704e-01   4.8984641e-01   4.4617811e-01
   3.5990877e-01   4.8999833e-01   4.4624484e-01
   3.6049223e-01   4.9030090e-01   4.4637676e-01
   3.6165915e-01   4.9090091e-01   4.4663449e-01
   3.6399299e-01   4.9208045e-01   4.4712547e-01
   3.6866067e-01   4.9435758e-01   4.4800955e-01
   3.7799604e-01   4.9858381e-01   4.4938618e-01
   3.8838558e-01   5.0277269e-01   4.5030445e-01
   3.8838558e-01   5.0277269e-01   4.5030445e-01
   3.8856398e-01   5.0283988e-01   4.5031457e-01
   3.8856398e-01   5.0283988e-01   4.5031457e-01
   3.8874239e-01   5.0290691e-01   4.5032450e-01
   3.8892079e-01   5.0297378e-01   4.5033424e-01
   3.8927760e-01   5.0310705e-01   4.5035315e-01
   3.8999121e-01   5.0337166e-01   4.5038867e-01
   3.9141843e-01   5.0389323e-01   4.5045058e-01
   3.9179156e-01   5.0402790e-01   4.5046475e-01
   3.9179156e-01   5.0402790e-01   4.5046475e-01
   3.9248986e-01   5.0427807e-01   4.5048903e-01
   3.9248986e-01   5.0427807e-01   4.5048903e-01
   3.9318815e-01   5.0452580e-01   4.5051039e-01
   3.9388645e-01   5.0477110e-01   4.5052883e-01
   3.9528304e-01   5.0525439e-01   4.5055694e-01
   3.9781207e-01   5.0610486e-01   4.5057812e-01
   3.9781207e-01   5.0610486e-01   4.5057812e-01
   3.9793384e-01   5.0614501e-01   4.5057817e-01
   3.9793384e-01   5.0614501e-01   4.5057817e-01
   3.9794534e-01   5.0614879e-01   4.5057817e-01
   3.9794534e-01   5.0614879e-01   4.5057817e-01
   3.9804566e-01   5.0618181e-01   4.5057814e-01
   3.9814599e-01   5.0621477e-01   4.5057805e-01
   3.9834664e-01   5.0628056e-01   4.5057769e-01
   3.9847404e-01   5.0632222e-01   4.5057734e-01
   3.9847404e-01   5.0632222e-01   4.5057734e-01
   3.9887534e-01   5.0645293e-01   4.5057559e-01
   3.9927664e-01   5.0658285e-01   4.5057290e-01
   4.0007923e-01   5.0684028e-01   4.5056470e-01
   4.0168441e-01   5.0734559e-01   4.5053718e-01
   4.0388200e-01   5.0801676e-01   4.5047605e-01
   4.0388200e-01   5.0801676e-01   4.5047605e-01
   4.0450736e-01   5.0820341e-01   4.5045381e-01
   4.0450736e-01   5.0820341e-01   4.5045381e-01
   4.0510210e-01   5.0837913e-01   4.5043070e-01
   4.0510210e-01   5.0837913e-01   4.5043070e-01
   4.0569685e-01   5.0855312e-01   4.5040570e-01
   4.0572010e-01   5.0855988e-01   4.5040468e-01
   4.0572010e-01   5.0855988e-01   4.5040468e-01
   4.0631484e-01   5.0873206e-01   4.5037773e-01
   4.0632414e-01   5.0873474e-01   4.5037730e-01
   4.0632414e-01   5.0873474e-01   4.5037730e-01
   4.0691889e-01   5.0890516e-01   4.5034846e-01
   4.0693476e-01   5.0890969e-01   4.5034766e-01
   4.0693476e-01   5.0890969e-01   4.5034766e-01
   4.0752951e-01   5.0907833e-01   4.5031693e-01
   4.0754819e-01   5.0908360e-01   4.5031593e-01
   4.0754819e-01   5.0908360e-01   4.5031593e-01
   4.0814294e-01   5.0925045e-01   4.5028331e-01
   4.0815142e-01   5.0925282e-01   4.5028283e-01
   4.0815142e-01   5.0925282e-01   4.5028283e-01
   4.0874617e-01   5.0941791e-01   4.5024837e-01
   4.0877434e-01   5.0942569e-01   4.5024669e-01
   4.0877434e-01   5.0942569e-01   4.5024669e-01
   4.0936909e-01   5.0958898e-01   4.5021034e-01
   4.0937017e-01   5.0958927e-01   4.5021027e-01
   4.0937017e-01   5.0958927e-01   4.5021027e-01
   4.0996492e-01   5.0975083e-01   4.5017213e-01
   4.1000267e-01   5.0976102e-01   4.5016965e-01
   4.1000267e-01   5.0976102e-01   4.5016965e-01
   4.1059110e-01   5.0991905e-01   4.5013005e-01
   4.1059110e-01   5.0991905e-01   4.5013005e-01
   4.1117952e-01   5.1007540e-01   4.5008874e-01
   4.1123309e-01   5.1008954e-01   4.5008489e-01
   4.1123309e-01   5.1008954e-01   4.5008489e-01
   4.1181409e-01   5.1024211e-01   4.5004226e-01
   4.1181409e-01   5.1024211e-01   4.5004226e-01
   4.1239510e-01   5.1039303e-01   4.4999798e-01
   4.1246548e-01   5.1041120e-01   4.4999251e-01
   4.1246548e-01   5.1041120e-01   4.4999251e-01
   4.1303905e-01   5.1055838e-01   4.4994698e-01
   4.1303905e-01   5.1055838e-01   4.4994698e-01
   4.1361261e-01   5.1070396e-01   4.4989987e-01
   4.1369993e-01   5.1072598e-01   4.4989256e-01
   4.1369993e-01   5.1072598e-01   4.4989256e-01
   4.1411189e-01   5.1082938e-01   4.4985757e-01
   4.1411189e-01   5.1082938e-01   4.4985757e-01
   4.1426605e-01   5.1086787e-01   4.4984427e-01
   4.1426605e-01   5.1086787e-01   4.4984427e-01
   4.1442021e-01   5.1090623e-01   4.4983085e-01
   4.1457437e-01   5.1094448e-01   4.4981733e-01
   4.1467552e-01   5.1096952e-01   4.4980839e-01
   4.1467552e-01   5.1096952e-01   4.4980839e-01
   4.1493373e-01   5.1103320e-01   4.4978535e-01
   4.1493373e-01   5.1103320e-01   4.4978535e-01
   4.1519194e-01   5.1109656e-01   4.4976200e-01
   4.1545015e-01   5.1115959e-01   4.4973834e-01
   4.1549241e-01   5.1116987e-01   4.4973444e-01
   4.1549241e-01   5.1116987e-01   4.4973444e-01
   4.1600883e-01   5.1129485e-01   4.4968607e-01
   4.1615787e-01   5.1133067e-01   4.4967187e-01
   4.1615787e-01   5.1133067e-01   4.4967187e-01
   4.1667429e-01   5.1145396e-01   4.4962190e-01
   4.1670916e-01   5.1146223e-01   4.4961848e-01
   4.1670916e-01   5.1146223e-01   4.4961848e-01
   4.1722558e-01   5.1158411e-01   4.4956718e-01
   4.1737186e-01   5.1161839e-01   4.4955243e-01
   4.1737186e-01   5.1161839e-01   4.4955243e-01
   4.1788828e-01   5.1173857e-01   4.4949955e-01
   4.1791582e-01   5.1174494e-01   4.4949670e-01
   4.1791582e-01   5.1174494e-01   4.4949670e-01
   4.1843224e-01   5.1186372e-01   4.4944254e-01
   4.1857596e-01   5.1189654e-01   4.4942725e-01
   4.1857596e-01   5.1189654e-01   4.4942725e-01
   4.1909238e-01   5.1201362e-01   4.4937153e-01
   4.1911266e-01   5.1201819e-01   4.4936932e-01
   4.1911266e-01   5.1201819e-01   4.4936932e-01
   4.1953565e-01   5.1211305e-01   4.4932274e-01
   4.1953565e-01   5.1211305e-01   4.4932274e-01
   4.1995865e-01   5.1220700e-01   4.4927537e-01
   4.2017959e-01   5.1225572e-01   4.4925030e-01
   4.2017959e-01   5.1225572e-01   4.4925030e-01
   4.2060258e-01   5.1234830e-01   4.4920170e-01
   4.2102558e-01   5.1243998e-01   4.4915230e-01
   4.2187157e-01   5.1262064e-01   4.4905112e-01
   4.2215367e-01   5.1268009e-01   4.4901668e-01
   4.2215367e-01   5.1268009e-01   4.4901668e-01
   4.2266696e-01   5.1278721e-01   4.4895313e-01
   4.2266696e-01   5.1278721e-01   4.4895313e-01
   4.2318025e-01   5.1289302e-01   4.4888841e-01
   4.2369355e-01   5.1299749e-01   4.4882256e-01
   4.2472013e-01   5.1320246e-01   4.4868743e-01
   4.2677331e-01   5.1359647e-01   4.4840367e-01
   4.2811036e-01   5.1384164e-01   4.4820932e-01
   4.2811036e-01   5.1384164e-01   4.4820932e-01
   4.2858350e-01   5.1392625e-01   4.4813877e-01
   4.2858350e-01   5.1392625e-01   4.4813877e-01
   4.2905664e-01   5.1400972e-01   4.4806728e-01
   4.2952977e-01   5.1409206e-01   4.4799487e-01
   4.3047605e-01   5.1425337e-01   4.4784730e-01
   4.3236859e-01   5.1456246e-01   4.4754125e-01
   4.3406585e-01   5.1482430e-01   4.4725454e-01
   4.3406585e-01   5.1482430e-01   4.4725454e-01
   4.3449886e-01   5.1488878e-01   4.4717957e-01
   4.3449886e-01   5.1488878e-01   4.4717957e-01
   4.3493187e-01   5.1495232e-01   4.4710385e-01
   4.3536489e-01   5.1501491e-01   4.4702740e-01
   4.3623091e-01   5.1513725e-01   4.4687229e-01
   4.3796296e-01   5.1537061e-01   4.4655334e-01
   4.4002033e-01   5.1562816e-01   4.4615952e-01
   4.4002033e-01   5.1562816e-01   4.4615952e-01
   4.4041325e-01   5.1567492e-01   4.4608248e-01
   4.4041325e-01   5.1567492e-01   4.4608248e-01
   4.4080616e-01   5.1572090e-01   4.4600486e-01
   4.4119908e-01   5.1576611e-01   4.4592666e-01
   4.4198490e-01   5.1585418e-01   4.4576852e-01
   4.4355656e-01   5.1602100e-01   4.4544534e-01
   4.4597402e-01   5.1625330e-01   4.4493050e-01
   4.4597402e-01   5.1625330e-01   4.4493050e-01
   4.4612077e-01   5.1626645e-01   4.4489856e-01
   4.4612077e-01   5.1626645e-01   4.4489856e-01
   4.4626753e-01   5.1627950e-01   4.4486654e-01
   4.4632686e-01   5.1628474e-01   4.4485358e-01
   4.4632686e-01   5.1628474e-01   4.4485358e-01
   4.4647361e-01   5.1629763e-01   4.4482145e-01
   4.4662036e-01   5.1631042e-01   4.4478924e-01
   4.4691387e-01   5.1633566e-01   4.4472460e-01
   4.4750089e-01   5.1638484e-01   4.4459438e-01
   4.4867492e-01   5.1647800e-01   4.4433024e-01
   4.4993314e-01   5.1657013e-01   4.4404170e-01
   4.4993314e-01   5.1657013e-01   4.4404170e-01
   4.5046089e-01   5.1660639e-01   4.4391901e-01
   4.5046089e-01   5.1660639e-01   4.4391901e-01
   4.5098864e-01   5.1664125e-01   4.4379534e-01
   4.5151638e-01   5.1667471e-01   4.4367070e-01
   4.5192710e-01   5.1669978e-01   4.4357304e-01
   4.5192710e-01   5.1669978e-01   4.4357304e-01
   4.5223984e-01   5.1671830e-01   4.4349830e-01
   4.5223984e-01   5.1671830e-01   4.4349830e-01
   4.5255258e-01   5.1673632e-01   4.4342323e-01
   4.5286532e-01   5.1675386e-01   4.4334783e-01
   4.5349080e-01   5.1678744e-01   4.4319609e-01
   4.5474176e-01   5.1684870e-01   4.4288885e-01
   4.5724368e-01   5.1694755e-01   4.4226012e-01
   4.5787979e-01   5.1696765e-01   4.4209739e-01
   4.5787979e-01   5.1696765e-01   4.4209739e-01
   4.5815240e-01   5.1697564e-01   4.4202731e-01
   4.5815240e-01   5.1697564e-01   4.4202731e-01
   4.5842500e-01   5.1698326e-01   4.4195703e-01
   4.5869760e-01   5.1699050e-01   4.4188656e-01
   4.5924281e-01   5.1700386e-01   4.4174501e-01
   4.6033322e-01   5.1702609e-01   4.4145963e-01
   4.6251405e-01   5.1705256e-01   4.4088020e-01
   4.6383228e-01   5.1705694e-01   4.4052474e-01
   4.6383228e-01   5.1705694e-01   4.4052474e-01
   4.6406473e-01   5.1705680e-01   4.4046168e-01
   4.6406473e-01   5.1705680e-01   4.4046168e-01
   4.6429718e-01   5.1705640e-01   4.4039851e-01
   4.6452963e-01   5.1705572e-01   4.4033522e-01
   4.6499452e-01   5.1705354e-01   4.4020833e-01
   4.6592431e-01   5.1704594e-01   4.3995329e-01
   4.6778390e-01   5.1701775e-01   4.3943846e-01
   4.6983856e-01   5.1696658e-01   4.3886293e-01
   4.6983856e-01   5.1696658e-01   4.3886293e-01
   4.7003015e-01   5.1696074e-01   4.3880893e-01
   4.7003015e-01   5.1696074e-01   4.3880893e-01
   4.7022174e-01   5.1695472e-01   4.3875488e-01
   4.7041334e-01   5.1694852e-01   4.3870078e-01
   4.7079652e-01   5.1693557e-01   4.3859242e-01
   4.7156290e-01   5.1690750e-01   4.3837510e-01
   4.7309564e-01   5.1684270e-01   4.3793818e-01
   4.7595805e-01   5.1669090e-01   4.3711505e-01
   4.7595805e-01   5.1669090e-01   4.3711505e-01
   4.7610734e-01   5.1668189e-01   4.3707189e-01
   4.7610734e-01   5.1668189e-01   4.3707189e-01
   4.7625662e-01   5.1667277e-01   4.3702871e-01
   4.7640591e-01   5.1666355e-01   4.3698551e-01
   4.7670448e-01   5.1664477e-01   4.3689904e-01
   4.7730162e-01   5.1660591e-01   4.3672587e-01
   4.7849590e-01   5.1652304e-01   4.3637863e-01
   4.8088447e-01   5.1633669e-01   4.3568090e-01
   4.8217331e-01   5.1622479e-01   4.3530283e-01
   4.8217331e-01   5.1622479e-01   4.3530283e-01
   4.8219477e-01   5.1622286e-01   4.3529653e-01
   4.8219477e-01   5.1622286e-01   4.3529653e-01
   4.8229509e-01   5.1621381e-01   4.3526705e-01
   4.8230026e-01   5.1621334e-01   4.3526554e-01
   4.8230026e-01   5.1621334e-01   4.3526554e-01
   4.8240059e-01   5.1620424e-01   4.3523606e-01
   4.8250091e-01   5.1619508e-01   4.3520657e-01
   4.8270156e-01   5.1617664e-01   4.3514759e-01
   4.8310285e-01   5.1613917e-01   4.3502956e-01
   4.8390544e-01   5.1606194e-01   4.3479323e-01
   4.8551063e-01   5.1589832e-01   4.3431964e-01
   4.8855238e-01   5.1555500e-01   4.3341927e-01
   4.8855238e-01   5.1555500e-01   4.3341927e-01
   4.8861251e-01   5.1554777e-01   4.3340144e-01
   4.8861251e-01   5.1554777e-01   4.3340144e-01
   4.8871284e-01   5.1553568e-01   4.3337169e-01
   4.8881316e-01   5.1552354e-01   4.3334193e-01
   4.8901381e-01   5.1549913e-01   4.3328240e-01
   4.8941510e-01   5.1544973e-01   4.3316331e-01
   4.9021769e-01   5.1534869e-01   4.3292498e-01
   4.9182288e-01   5.1513764e-01   4.3244780e-01
   4.9503324e-01   5.1467986e-01   4.3149164e-01
   4.9504107e-01   5.1467868e-01   4.3148930e-01
   4.9504107e-01   5.1467868e-01   4.3148930e-01
   4.9505412e-01   5.1467673e-01   4.3148541e-01
   4.9505412e-01   5.1467673e-01   4.3148541e-01
   4.9515444e-01   5.1466165e-01   4.3145550e-01
   4.9525476e-01   5.1464652e-01   4.3142558e-01
   4.9545541e-01   5.1461614e-01   4.3136575e-01
   4.9585671e-01   5.1455482e-01   4.3124606e-01
   4.9665930e-01   5.1442997e-01   4.3100659e-01
   4.9826448e-01   5.1417149e-01   4.3052737e-01
   5.0147485e-01   5.1361960e-01   4.2956796e-01
   5.0163488e-01   5.1359087e-01   4.2952011e-01
   5.0163488e-01   5.1359087e-01   4.2952011e-01
   5.0167081e-01   5.1358441e-01   4.2950937e-01
   5.0167081e-01   5.1358441e-01   4.2950937e-01
   5.0177114e-01   5.1356633e-01   4.2947936e-01
   5.0187146e-01   5.1354820e-01   4.2944936e-01
   5.0207211e-01   5.1351182e-01   4.2938935e-01
   5.0247341e-01   5.1343850e-01   4.2926933e-01
   5.0327600e-01   5.1328972e-01   4.2902924e-01
   5.0488118e-01   5.1298356e-01   4.2854890e-01
   5.0809155e-01   5.1233709e-01   4.2758772e-01
   5.0836436e-01   5.1228007e-01   4.2750601e-01
   5.0836436e-01   5.1228007e-01   4.2750601e-01
   5.0845129e-01   5.1226183e-01   4.2747998e-01
   5.0845129e-01   5.1226183e-01   4.2747998e-01
   5.0855161e-01   5.1224074e-01   4.2744993e-01
   5.0865193e-01   5.1221960e-01   4.2741988e-01
   5.0885258e-01   5.1217720e-01   4.2735978e-01
   5.0925388e-01   5.1209188e-01   4.2723958e-01
   5.1005647e-01   5.1191912e-01   4.2699915e-01
   5.1125686e-01   5.1165550e-01   4.2663951e-01
   5.1125686e-01   5.1165550e-01   4.2663951e-01
   5.1149866e-01   5.1160164e-01   4.2656706e-01
   5.1149866e-01   5.1160164e-01   4.2656706e-01
   5.1174046e-01   5.1154753e-01   4.2649460e-01
   5.1198226e-01   5.1149317e-01   4.2642215e-01
   5.1246586e-01   5.1138369e-01   4.2627723e-01
   5.1248696e-01   5.1137889e-01   4.2627091e-01
   5.1248696e-01   5.1137889e-01   4.2627091e-01
   5.1260367e-01   5.1135231e-01   4.2623594e-01
   5.1260367e-01   5.1135231e-01   4.2623594e-01
   5.1272037e-01   5.1132567e-01   4.2620096e-01
   5.1283707e-01   5.1129898e-01   4.2616599e-01
   5.1307047e-01   5.1124542e-01   4.2609604e-01
   5.1353728e-01   5.1113760e-01   4.2595614e-01
   5.1390755e-01   5.1105144e-01   4.2584517e-01
   5.1390755e-01   5.1105144e-01   4.2584517e-01
   5.1403287e-01   5.1102215e-01   4.2580761e-01
   5.1403287e-01   5.1102215e-01   4.2580761e-01
   5.1415820e-01   5.1099279e-01   4.2577004e-01
   5.1428352e-01   5.1096336e-01   4.2573248e-01
   5.1453417e-01   5.1090432e-01   4.2565736e-01
   5.1503547e-01   5.1078547e-01   4.2550710e-01
   5.1536667e-01   5.1070638e-01   4.2540782e-01
   5.1536667e-01   5.1070638e-01   4.2540782e-01
   5.1550085e-01   5.1067421e-01   4.2536760e-01
   5.1550085e-01   5.1067421e-01   4.2536760e-01
   5.1563503e-01   5.1064197e-01   4.2532738e-01
   5.1576921e-01   5.1060966e-01   4.2528716e-01
   5.1603757e-01   5.1054482e-01   4.2520671e-01
   5.1657430e-01   5.1041428e-01   4.2504581e-01
   5.1687019e-01   5.1034183e-01   4.2495711e-01
   5.1687019e-01   5.1034183e-01   4.2495711e-01
   5.1701349e-01   5.1030662e-01   4.2491415e-01
   5.1701349e-01   5.1030662e-01   4.2491415e-01
   5.1715680e-01   5.1027132e-01   4.2487119e-01
   5.1730011e-01   5.1023595e-01   4.2482822e-01
   5.1758672e-01   5.1016497e-01   4.2474230e-01
   5.1815995e-01   5.1002205e-01   4.2457044e-01
   5.1842600e-01   5.0995529e-01   4.2449067e-01
   5.1842600e-01   5.0995529e-01   4.2449067e-01
   5.1857875e-01   5.0991684e-01   4.2444488e-01
   5.1857875e-01   5.0991684e-01   4.2444488e-01
   5.1873150e-01   5.0987830e-01   4.2439908e-01
   5.1888425e-01   5.0983968e-01   4.2435328e-01
   5.1918976e-01   5.0976217e-01   4.2426168e-01
   5.1980076e-01   5.0960612e-01   4.2407848e-01
   5.2004587e-01   5.0954313e-01   4.2400499e-01
   5.2004587e-01   5.0954313e-01   4.2400499e-01
   5.2020845e-01   5.0950123e-01   4.2395624e-01
   5.2020845e-01   5.0950123e-01   4.2395624e-01
   5.2037104e-01   5.0945924e-01   4.2390749e-01
   5.2053362e-01   5.0941715e-01   4.2385873e-01
   5.2085878e-01   5.0933269e-01   4.2376123e-01
   5.2150912e-01   5.0916266e-01   4.2356622e-01
   5.2174836e-01   5.0909974e-01   4.2349448e-01
   5.2174836e-01   5.0909974e-01   4.2349448e-01
   5.2192127e-01   5.0905414e-01   4.2344263e-01
   5.2192127e-01   5.0905414e-01   4.2344263e-01
   5.2209419e-01   5.0900844e-01   4.2339078e-01
   5.2226711e-01   5.0896263e-01   4.2333892e-01
   5.2261294e-01   5.0887073e-01   4.2323522e-01
   5.2330460e-01   5.0868574e-01   4.2302780e-01
   5.2356379e-01   5.0861602e-01   4.2295007e-01
   5.2356379e-01   5.0861602e-01   4.2295007e-01
   5.2374772e-01   5.0856641e-01   4.2289491e-01
   5.2374772e-01   5.0856641e-01   4.2289491e-01
   5.2393166e-01   5.0851669e-01   4.2283975e-01
   5.2411559e-01   5.0846687e-01   4.2278459e-01
   5.2448347e-01   5.0836691e-01   4.2267426e-01
   5.2521921e-01   5.0816576e-01   4.2245361e-01
   5.2554304e-01   5.0807672e-01   4.2235649e-01
   5.2554304e-01   5.0807672e-01   4.2235649e-01
   5.2573899e-01   5.0802269e-01   4.2229772e-01
   5.2573899e-01   5.0802269e-01   4.2229772e-01
   5.2593494e-01   5.0796856e-01   4.2223896e-01
   5.2613088e-01   5.0791431e-01   4.2218019e-01
   5.2652278e-01   5.0780550e-01   4.2206265e-01
   5.2730658e-01   5.0758663e-01   4.2182757e-01
   5.2778164e-01   5.0745320e-01   4.2168509e-01
   5.2778164e-01   5.0745320e-01   4.2168509e-01
   5.2799117e-01   5.0739416e-01   4.2162225e-01
   5.2799117e-01   5.0739416e-01   4.2162225e-01
   5.2820071e-01   5.0733502e-01   4.2155940e-01
   5.2841025e-01   5.0727577e-01   4.2149655e-01
   5.2882932e-01   5.0715696e-01   4.2137086e-01
   5.2966747e-01   5.0691814e-01   4.2111946e-01
   5.3049472e-01   5.0668095e-01   4.2087134e-01
   5.3049472e-01   5.0668095e-01   4.2087134e-01
   5.3072073e-01   5.0661591e-01   4.2080355e-01
   5.3072073e-01   5.0661591e-01   4.2080355e-01
   5.3094673e-01   5.0655077e-01   4.2073576e-01
   5.3117274e-01   5.0648554e-01   4.2066797e-01
   5.3162475e-01   5.0635479e-01   4.2053239e-01
   5.3252877e-01   5.0609224e-01   4.2026122e-01
   5.3433681e-01   5.0556347e-01   4.1971889e-01
   5.3437325e-01   5.0555276e-01   4.1970795e-01
   5.3437325e-01   5.0555276e-01   4.1970795e-01
   5.3462278e-01   5.0547944e-01   4.1963311e-01
   5.3462278e-01   5.0547944e-01   4.1963311e-01
   5.3487230e-01   5.0540604e-01   4.1955826e-01
   5.3512183e-01   5.0533258e-01   4.1948341e-01
   5.3562087e-01   5.0518545e-01   4.1933371e-01
   5.3661897e-01   5.0489047e-01   4.1903431e-01
   5.3861517e-01   5.0429814e-01   4.1843551e-01
   5.4260757e-01   5.0310731e-01   4.1723787e-01
   5.5059236e-01   5.0071541e-01   4.1484252e-01
   5.6401213e-01   4.9668908e-01   4.1081664e-01
   5.7110341e-01   4.9456266e-01   4.0868927e-01
   5.7819470e-01   4.9243546e-01   4.0656189e-01
   5.7872876e-01   4.9227528e-01   4.0640167e-01
   5.7872876e-01   4.9227528e-01   4.0640167e-01
   5.7937218e-01   4.9208225e-01   4.0620865e-01
   5.7937218e-01   4.9208225e-01   4.0620865e-01
   5.8001559e-01   4.9188923e-01   4.0601562e-01
   5.8065901e-01   4.9169620e-01   4.0582260e-01
   5.8194584e-01   4.9131015e-01   4.0543655e-01
   5.8451951e-01   4.9053805e-01   4.0466445e-01
   5.8966684e-01   4.8899385e-01   4.0312025e-01
   5.9996150e-01   4.8590546e-01   4.0003185e-01
   6.0006791e-01   4.8587353e-01   3.9999993e-01
   6.0006791e-01   4.8587353e-01   3.9999993e-01
   6.0883985e-01   4.8324195e-01   3.9737293e-01
   6.0883985e-01   4.8324195e-01   3.9737293e-01
   6.1761179e-01   4.8061037e-01   3.9475078e-01
   6.2638373e-01   4.7797879e-01   3.9214283e-01
   6.4392761e-01   4.7271562e-01   3.8697235e-01
   6.7901537e-01   4.6218930e-01   3.7681570e-01
   7.4919089e-01   4.4113664e-01   3.5722699e-01
   8.4460886e-01   4.1251125e-01   3.3208153e-01
   8.4460886e-01   4.1251125e-01   3.3208153e-01
   8.5325116e-01   4.0991856e-01   3.2988226e-01
   8.5325116e-01   4.0991856e-01   3.2988226e-01
   8.6189345e-01   4.0732587e-01   3.2769894e-01
   8.7053574e-01   4.0473318e-01   3.2552182e-01
   8.7546455e-01   4.0325454e-01   3.2428228e-01
   8.7546455e-01   4.0325454e-01   3.2428228e-01
   8.8517499e-01   4.0034141e-01   3.2184396e-01
   8.8517499e-01   4.0034141e-01   3.2184396e-01
   8.8631302e-01   4.0000000e-01   3.2155854e-01
   8.8631302e-01   4.0000000e-01   3.2155854e-01
   8.8745106e-01   3.9965860e-01   3.2127319e-01
   8.8858910e-01   3.9931728e-01   3.2098792e-01
   8.9086517e-01   3.9863502e-01   3.2041762e-01
   8.9541732e-01   3.9727287e-01   3.1927800e-01
   8.9885243e-01   3.9624751e-01   3.1841892e-01
   8.9885243e-01   3.9624751e-01   3.1841892e-01
   9.0741126e-01   3.9370295e-01   3.1628204e-01
   9.0741126e-01   3.9370295e-01   3.1628204e-01
   9.0741126e-01   3.9370295e-01   3.1628204e-01
   9.1316764e-01   3.9200000e-01   3.1484789e-01
   9.1316764e-01   3.9200000e-01   3.1484789e-01
   9.1892403e-01   3.9030386e-01   3.1341633e-01
   9.1923364e-01   3.9021282e-01   3.1333941e-01
   9.1923364e-01   3.9021282e-01   3.1333941e-01
   9.2499002e-01   3.8852384e-01   3.1191072e-01
   9.2572738e-01   3.8830798e-01   3.1172792e-01
   9.2572738e-01   3.8830798e-01   3.1172792e-01
   9.3148376e-01   3.8662664e-01   3.1030246e-01
   9.3171866e-01   3.8655817e-01   3.1024436e-01
   9.3171866e-01   3.8655817e-01   3.1024436e-01
   9.3747505e-01   3.8488385e-01   3.0882200e-01
   9.4052313e-01   3.8400000e-01   3.0807009e-01
   9.4052313e-01   3.8400000e-01   3.0807009e-01
   9.4627951e-01   3.8233596e-01   3.0665250e-01
   9.4872334e-01   3.8163153e-01   3.0605166e-01
   9.4872334e-01   3.8163153e-01   3.0605166e-01
   9.5308406e-01   3.8037757e-01   3.0498100e-01
   9.5308406e-01   3.8037757e-01   3.0498100e-01
   9.5744478e-01   3.7912743e-01   3.0391227e-01
   9.6123570e-01   3.7804374e-01   3.0298480e-01
   9.6123570e-01   3.7804374e-01   3.0298480e-01
   9.6559642e-01   3.7680072e-01   3.0191979e-01
   9.6841255e-01   3.7600000e-01   3.0123310e-01
   9.6841255e-01   3.7600000e-01   3.0123310e-01
   9.7277327e-01   3.7476322e-01   3.0017149e-01
   9.7713399e-01   3.7353020e-01   2.9911198e-01
   9.7876316e-01   3.7307052e-01   2.9871670e-01
   9.7876316e-01   3.7307052e-01   2.9871670e-01
   9.8097449e-01   3.7244741e-01   2.9818064e-01
   9.8097449e-01   3.7244741e-01   2.9818064e-01
   9.8318581e-01   3.7182526e-01   2.9764515e-01
   9.8539713e-01   3.7120408e-01   2.9711022e-01
   9.8981978e-01   3.6996460e-01   2.9604206e-01
   9.9126460e-01   3.6956052e-01   2.9569361e-01
   9.9126460e-01   3.6956052e-01   2.9569361e-01
   9.9685805e-01   3.6800000e-01   2.9434694e-01
   9.9685805e-01   3.6800000e-01   2.9434694e-01
   1.0024515e+00   3.6644560e-01   2.9300403e-01
   1.0080450e+00   3.6489729e-01   2.9166495e-01
   1.0094020e+00   3.6452257e-01   2.9134065e-01
   1.0094020e+00   3.6452257e-01   2.9134065e-01
   1.0094212e+00   3.6451726e-01   2.9133606e-01
   1.0094212e+00   3.6451726e-01   2.9133606e-01
   1.0094405e+00   3.6451195e-01   2.9133146e-01
   1.0094597e+00   3.6450665e-01   2.9132687e-01
   1.0094981e+00   3.6449603e-01   2.9131768e-01
   1.0095751e+00   3.6447481e-01   2.9129931e-01
   1.0097289e+00   3.6443236e-01   2.9126257e-01
   1.0100365e+00   3.6434748e-01   2.9118909e-01
   1.0106518e+00   3.6417777e-01   2.9104218e-01
   1.0118824e+00   3.6383857e-01   2.9074849e-01
   1.0143436e+00   3.6316106e-01   2.9016169e-01
   1.0192659e+00   3.6180955e-01   2.8899038e-01
   1.0218919e+00   3.6109046e-01   2.8836676e-01
   1.0218919e+00   3.6109046e-01   2.8836676e-01
   1.0258833e+00   3.6000000e-01   2.8742059e-01
   1.0258833e+00   3.6000000e-01   2.8742059e-01
   1.0298746e+00   3.5891260e-01   2.8647647e-01
   1.0338660e+00   3.5782826e-01   2.8553443e-01
   1.0384480e+00   3.5658723e-01   2.8445559e-01
   1.0384480e+00   3.5658723e-01   2.8445559e-01
   1.0406281e+00   3.5599815e-01   2.8394325e-01
   1.0406281e+00   3.5599815e-01   2.8394325e-01
   1.0428082e+00   3.5540997e-01   2.8343153e-01
   1.0449883e+00   3.5482270e-01   2.8292046e-01
   1.0493485e+00   3.5365085e-01   2.8190022e-01
   1.0531065e+00   3.5264375e-01   2.8102295e-01
   1.0531065e+00   3.5264375e-01   2.8102295e-01
   1.0555139e+00   3.5200000e-01   2.8046198e-01
   1.0555139e+00   3.5200000e-01   2.8046198e-01
   1.0579213e+00   3.5135735e-01   2.7990180e-01
   1.0603286e+00   3.5071578e-01   2.7934242e-01
   1.0651434e+00   3.4943592e-01   2.7822603e-01
   1.0680804e+00   3.4865733e-01   2.7754660e-01
   1.0680804e+00   3.4865733e-01   2.7754660e-01
   1.0724658e+00   3.4749780e-01   2.7653435e-01
   1.0724658e+00   3.4749780e-01   2.7653435e-01
   1.0768511e+00   3.4634185e-01   2.7552478e-01
   1.0812365e+00   3.4518949e-01   2.7451792e-01
   1.0849330e+00   3.4422091e-01   2.7367130e-01
   1.0849330e+00   3.4422091e-01   2.7367130e-01
   1.0857775e+00   3.4400000e-01   2.7347817e-01
   1.0857775e+00   3.4400000e-01   2.7347817e-01
   1.0866219e+00   3.4377922e-01   2.7328515e-01
   1.0874663e+00   3.4355858e-01   2.7309222e-01
   1.0891552e+00   3.4311769e-01   2.7270667e-01
   1.0925329e+00   3.4223748e-01   2.7193679e-01
   1.0983461e+00   3.4072755e-01   2.7061561e-01
   1.0983461e+00   3.4072755e-01   2.7061561e-01
   1.1049426e+00   3.3902167e-01   2.6912228e-01
   1.1049426e+00   3.3902167e-01   2.6912228e-01
   1.1115391e+00   3.3732375e-01   2.6763522e-01
   1.1167034e+00   3.3600000e-01   2.6647542e-01
   1.1167034e+00   3.3600000e-01   2.6647542e-01
   1.1173989e+00   3.3582210e-01   2.6631952e-01
   1.1173989e+00   3.3582210e-01   2.6631952e-01
   1.1180944e+00   3.3564428e-01   2.6616369e-01
   1.1187899e+00   3.3546655e-01   2.6600793e-01
   1.1201809e+00   3.3511135e-01   2.6569663e-01
   1.1229629e+00   3.3440201e-01   2.6507486e-01
   1.1285269e+00   3.3298752e-01   2.6383472e-01
   1.1292745e+00   3.3279789e-01   2.6366843e-01
   1.1292745e+00   3.3279789e-01   2.6366843e-01
   1.1306715e+00   3.3244381e-01   2.6335794e-01
   1.1306715e+00   3.3244381e-01   2.6335794e-01
   1.1320684e+00   3.3209009e-01   2.6304773e-01
   1.1334654e+00   3.3173669e-01   2.6273781e-01
   1.1362593e+00   3.3103076e-01   2.6211882e-01
   1.1402309e+00   3.3002900e-01   2.6124088e-01
   1.1402309e+00   3.3002900e-01   2.6124088e-01
   1.1432240e+00   3.2927520e-01   2.6058079e-01
   1.1432240e+00   3.2927520e-01   2.6058079e-01
   1.1462171e+00   3.2852221e-01   2.5992203e-01
   1.1492102e+00   3.2776992e-01   2.5926459e-01
   1.1526214e+00   3.2691323e-01   2.5851691e-01
   1.1526214e+00   3.2691323e-01   2.5851691e-01
   1.1534202e+00   3.2671272e-01   2.5834209e-01
   1.1534202e+00   3.2671272e-01   2.5834209e-01
   1.1542190e+00   3.2651225e-01   2.5816735e-01
   1.1550178e+00   3.2631181e-01   2.5799271e-01
   1.1566153e+00   3.2591104e-01   2.5764372e-01
   1.1598105e+00   3.2510993e-01   2.5694687e-01
   1.1658409e+00   3.2359965e-01   2.5563578e-01
   1.1658409e+00   3.2359965e-01   2.5563578e-01
   1.1722312e+00   3.2200189e-01   2.5425237e-01
   1.1786215e+00   3.2040714e-01   2.5287504e-01
   1.1802550e+00   3.2000000e-01   2.5252394e-01
   1.1802550e+00   3.2000000e-01   2.5252394e-01
   1.1928308e+00   3.1687314e-01   2.4983430e-01
   1.1928308e+00   3.1687314e-01   2.4983430e-01
   1.2054066e+00   3.1376098e-01   2.4716832e-01
   1.2179825e+00   3.1066513e-01   2.4452604e-01
   1.2431342e+00   3.0452797e-01   2.3931255e-01
   1.2617861e+00   3.0002830e-01   2.3550749e-01
   1.2617861e+00   3.0002830e-01   2.3550749e-01
   1.2739983e+00   2.9710767e-01   2.3304429e-01
   1.2739983e+00   2.9710767e-01   2.3304429e-01
   1.2862105e+00   2.9420808e-01   2.3060329e-01
   1.2984227e+00   2.9133017e-01   2.2818443e-01
   1.3228471e+00   2.8564145e-01   2.2341283e-01
   1.3474693e+00   2.8000000e-01   2.1869123e-01
   1.3474693e+00   2.8000000e-01   2.1869123e-01
   1.3600814e+00   2.7714744e-01   2.1630692e-01
   1.3600814e+00   2.7714744e-01   2.1630692e-01
   1.3726936e+00   2.7432035e-01   2.1394564e-01
   1.3853057e+00   2.7151894e-01   2.1160727e-01
   1.4105300e+00   2.6599364e-01   2.0699869e-01
   1.4166021e+00   2.6467906e-01   2.0590277e-01
   1.4166021e+00   2.6467906e-01   2.0590277e-01
   1.4286640e+00   2.6208557e-01   2.0374120e-01
   1.4286640e+00   2.6208557e-01   2.0374120e-01
   1.4407260e+00   2.5951586e-01   2.0160002e-01
   1.4527879e+00   2.5696993e-01   1.9947909e-01
   1.4533156e+00   2.5685909e-01   1.9938677e-01
   1.4533156e+00   2.5685909e-01   1.9938677e-01
   1.4653619e+00   2.5434120e-01   1.9728956e-01
   1.4653619e+00   2.5434120e-01   1.9728956e-01
   1.4774083e+00   2.5184696e-01   1.9521229e-01
   1.4894546e+00   2.4937629e-01   1.9315482e-01
   1.5135473e+00   2.4450536e-01   1.8909876e-01
   1.5362536e+00   2.4000000e-01   1.8534711e-01
   1.5362536e+00   2.4000000e-01   1.8534711e-01
   1.5489520e+00   2.3751616e-01   1.8327871e-01
   1.5489520e+00   2.3751616e-01   1.8327871e-01
   1.5616503e+00   2.3505777e-01   1.8123140e-01
   1.5743487e+00   2.3262465e-01   1.7920500e-01
   1.5997454e+00   2.2783347e-01   1.7521430e-01
   1.6441434e+00   2.1969388e-01   1.6843317e-01
   1.6441434e+00   2.1969388e-01   1.6843317e-01
   1.6562011e+00   2.1753426e-01   1.6663367e-01
   1.6562011e+00   2.1753426e-01   1.6663367e-01
   1.6682589e+00   2.1539607e-01   1.6485191e-01
   1.6803166e+00   2.1327914e-01   1.6308772e-01
   1.7044320e+00   2.0910830e-01   1.5961151e-01
   1.7526629e+00   2.0101365e-01   1.5286375e-01
   1.7588416e+00   2.0000000e-01   1.5201867e-01
   1.7588416e+00   2.0000000e-01   1.5201867e-01
   1.7716681e+00   1.9791237e-01   1.5027818e-01
   1.7716681e+00   1.9791237e-01   1.5027818e-01
   1.7844945e+00   1.9584698e-01   1.4855619e-01
   1.7973210e+00   1.9380361e-01   1.4685255e-01
   1.8229739e+00   1.8978200e-01   1.4349959e-01
   1.8629215e+00   1.8368868e-01   1.3841982e-01
   1.8629215e+00   1.8368868e-01   1.3841982e-01
   1.8750986e+00   1.8187137e-01   1.3690501e-01
   1.8750986e+00   1.8187137e-01   1.3690501e-01
   1.8872758e+00   1.8007247e-01   1.3540567e-01
   1.8994529e+00   1.7829179e-01   1.3392166e-01
   1.9117618e+00   1.7651016e-01   1.3243703e-01
   1.9117618e+00   1.7651016e-01   1.3243703e-01
   1.9239723e+00   1.7476079e-01   1.3097948e-01
   1.9239723e+00   1.7476079e-01   1.3097948e-01
   1.9361828e+00   1.7302918e-01   1.2953693e-01
   1.9483933e+00   1.7131516e-01   1.2810925e-01
   1.9728142e+00   1.6793919e-01   1.2529795e-01
   2.0216561e+00   1.6139064e-01   1.1984783e-01
   2.0322900e+00   1.6000000e-01   1.1869107e-01
   2.0322900e+00   1.6000000e-01   1.1869107e-01
   2.0452780e+00   1.5831819e-01   1.1729245e-01
   2.0452780e+00   1.5831819e-01   1.1729245e-01
   2.0582660e+00   1.5665454e-01   1.1590932e-01
   2.0712539e+00   1.5500884e-01   1.1454152e-01
   2.0972299e+00   1.5177051e-01   1.1185130e-01
   2.1299402e+00   1.4779124e-01   1.0854814e-01
   2.1299402e+00   1.4779124e-01   1.0854814e-01
   2.1423085e+00   1.4631466e-01   1.0732326e-01
   2.1423085e+00   1.4631466e-01   1.0732326e-01
   2.1546769e+00   1.4485322e-01   1.0611140e-01
   2.1670453e+00   1.4340677e-01   1.0491245e-01
   2.1917820e+00   1.4055815e-01   1.0255275e-01
   2.2412556e+00   1.3503376e-01   9.7982814e-02
   2.2566003e+00   1.3336593e-01   9.6604946e-02
   2.2566003e+00   1.3336593e-01   9.6604946e-02
   2.2690607e+00   1.3202713e-01   9.5499566e-02
   2.2690607e+00   1.3202713e-01   9.5499566e-02
   2.2815212e+00   1.3070211e-01   9.4406154e-02
   2.2939816e+00   1.2939072e-01   9.3324593e-02
   2.3189025e+00   1.2680827e-01   9.1196557e-02
   2.3687443e+00   1.2180077e-01   8.7077615e-02
   2.3871836e+00   1.2000000e-01   8.5598972e-02
   2.3871836e+00   1.2000000e-01   8.5598972e-02
   2.4003667e+00   1.1872931e-01   8.4556469e-02
   2.4003667e+00   1.1872931e-01   8.4556469e-02
   2.4135498e+00   1.1747242e-01   8.3526026e-02
   2.4267328e+00   1.1622916e-01   8.2507515e-02
   2.4530990e+00   1.1378295e-01   8.0505785e-02
   2.4766869e+00   1.1163922e-01   7.8754181e-02
   2.4766869e+00   1.1163922e-01   7.8754181e-02
   2.4893014e+00   1.1050981e-01   7.7832386e-02
   2.4893014e+00   1.1050981e-01   7.7832386e-02
   2.5019159e+00   1.0939210e-01   7.6920863e-02
   2.5145304e+00   1.0828595e-01   7.6019508e-02
   2.5397594e+00   1.0610788e-01   7.4246884e-02
   2.5902175e+00   1.0188521e-01   7.0819116e-02
   2.6911335e+00   9.3947519e-02   6.4411323e-02
   2.7481818e+00   8.9742302e-02   6.1038311e-02
   2.7481818e+00   8.9742302e-02   6.1038311e-02
   2.7609734e+00   8.8826105e-02   6.0305557e-02
   2.7609734e+00   8.8826105e-02   6.0305557e-02
   2.7737651e+00   8.7919438e-02   5.9581236e-02
   2.7865567e+00   8.7022204e-02   5.8865258e-02
   2.8121400e+00   8.5255639e-02   5.7457974e-02
   2.8633065e+00   8.1831398e-02   5.4739638e-02
   2.8915756e+00   8.0000000e-02   5.3291199e-02
   2.8915756e+00   8.0000000e-02   5.3291199e-02
   2.9050026e+00   7.9144829e-02   5.2616207e-02
   2.9050026e+00   7.9144829e-02   5.2616207e-02
   2.9184295e+00   7.8298967e-02   5.1949439e-02
   2.9318565e+00   7.7462300e-02   5.1290801e-02
   2.9587104e+00   7.5816109e-02   4.9997546e-02
   2.9717059e+00   7.5032254e-02   4.9383023e-02
   2.9717059e+00   7.5032254e-02   4.9383023e-02
   2.9846273e+00   7.4261020e-02   4.8779220e-02
   2.9846273e+00   7.4261020e-02   4.8779220e-02
   2.9975486e+00   7.3497825e-02   4.8182531e-02
   3.0104700e+00   7.2742588e-02   4.7592878e-02
   3.0363127e+00   7.1255656e-02   4.6434368e-02
   3.0879982e+00   6.8373687e-02   4.4198398e-02
   3.1913691e+00   6.2959640e-02   4.0034225e-02
   3.3981109e+00   5.3399478e-02   3.2815003e-02
   3.5966440e+00   4.5586659e-02   2.7081970e-02
   3.5966440e+00   4.5586659e-02   2.7081970e-02
   3.6128238e+00   4.5010852e-02   2.6660296e-02
   3.6128238e+00   4.5010852e-02   2.6660296e-02
   3.6290036e+00   4.4438027e-02   2.6245027e-02
   3.6451834e+00   4.3872234e-02   2.5836070e-02
   3.6775431e+00   4.2761647e-02   2.5036726e-02
   3.7422623e+00   4.0623167e-02   2.3509822e-02
   3.7617626e+00   4.0000000e-02   2.3067868e-02
   3.7617626e+00   4.0000000e-02   2.3067868e-02
   3.7755515e+00   3.9565135e-02   2.2760271e-02
   3.7755515e+00   3.9565135e-02   2.2760271e-02
   3.7893403e+00   3.9135007e-02   2.2456686e-02
   3.8031291e+00   3.8709575e-02   2.2157062e-02
   3.8307068e+00   3.7872610e-02   2.1569500e-02
   3.8314108e+00   3.7851484e-02   2.1554703e-02
   3.8314108e+00   3.7851484e-02   2.1554703e-02
   3.8447997e+00   3.7451954e-02   2.1275155e-02
   3.8447997e+00   3.7451954e-02   2.1275155e-02
   3.8581886e+00   3.7056670e-02   2.0999157e-02
   3.8715776e+00   3.6665589e-02   2.0726665e-02
   3.8983555e+00   3.5895859e-02   2.0192030e-02
   3.9519112e+00   3.4404915e-02   1.9162978e-02
   4.0590227e+00   3.1607658e-02   1.7256779e-02
   4.2732457e+00   2.6681557e-02   1.3986157e-02
   4.7016916e+00   1.9033755e-02   9.1689026e-03
   4.8612816e+00   1.6776196e-02   7.8302065e-03
   5.0208715e+00   1.4791816e-02   6.6853177e-03
   5.4281205e+00   1.0770452e-02   4.4620490e-03
   5.5558311e+00   9.7125671e-03   3.9298321e-03
   5.6835418e+00   8.7791907e-03   3.4607886e-03
   6.0064782e+00   6.8293854e-03   2.5087076e-03
   6.1694425e+00   5.9962793e-03   2.1324263e-03
   6.3324067e+00   5.2716793e-03   1.8124310e-03
   6.6353996e+00   4.1787075e-03   1.3393503e-03
   6.7945866e+00   3.6721917e-03   1.1424617e-03
   6.9537735e+00   3.2360257e-03   9.7447232e-04
   7.2361607e+00   2.6102615e-03   7.3485258e-04
   7.4096443e+00   2.2696770e-03   6.1784468e-04
   7.5831280e+00   1.9767926e-03   5.1945201e-04
   7.8412431e+00   1.6331307e-03   4.0127421e-04
   8.0161410e+00   1.4153139e-03   3.3687497e-04
   8.1910390e+00   1.2294969e-03   2.8280619e-04
   8.4287363e+00   1.0334391e-03   2.2295533e-04
   8.6134994e+00   8.9098964e-04   1.8532690e-04
   8.7982625e+00   7.6856913e-04   1.5404744e-04
   9.0181982e+00   6.5670377e-04   1.2361818e-04
   9.2437258e+00   5.7892425e-04   9.8645144e-05
   9.3904879e+00   4.8758215e-04   8.5171815e-05
   9.5372500e+00   4.2800227e-04   7.3538500e-05
   9.7557425e+00   3.6293107e-04   5.9096027e-05
   1.0029556e+01   3.2487842e-04   4.4932094e-05
   1.0149004e+01   2.6906346e-04   3.9869684e-05
   1.0268452e+01   2.4037811e-04   3.5377613e-05
   1.0501125e+01   2.0241065e-04   2.8028726e-05
   1.0717219e+01   1.7375151e-04   2.2577847e-05
   1.0933314e+01   1.5202917e-04   1.8186993e-05
   1.1138302e+01   1.3426516e-04   1.4813784e-05
   1.1311115e+01   1.1209769e-04   1.2461068e-05
   1.1470247e+01   9.5366033e-05   1.0626511e-05
   1.1654850e+01   8.2142375e-05   8.8339479e-06
   1.1881310e+01   7.0879065e-05   7.0424894e-06
   1.2060642e+01   6.0640730e-05   5.8854665e-06
   1.2239974e+01   5.2134320e-05   4.9185314e-06
   1.2454338e+01   4.4987444e-05   3.9688408e-06
   1.2681610e+01   4.0652418e-05   3.1614151e-06
   1.2831463e+01   3.3218583e-05   2.7211272e-06
   1.2981316e+01   2.8809210e-05   2.3421575e-06
   1.3201397e+01   2.4559664e-05   1.8791388e-06
   1.3417254e+01   2.1246683e-05   1.5140413e-06
   1.3633111e+01   1.8851663e-05   1.2198785e-06
   1.3830796e+01   1.6448774e-05   1.0009064e-06
   1.3998042e+01   1.3565241e-05   8.4664397e-07
   1.4160406e+01   1.1558378e-05   7.1966410e-07
   1.4355029e+01   9.9391251e-06   5.9229440e-07
   1.4587086e+01   8.7347443e-06   4.6954276e-07
   1.4753190e+01   7.3500524e-06   3.9762969e-07
   1.4919293e+01   6.3296286e-06   3.3673050e-07
   1.5140956e+01   5.4372201e-06   2.6973514e-07
   1.5341456e+01   4.6977046e-06   2.2069420e-07
   1.5541957e+01   4.0721147e-06   1.8056946e-07
   1.5746090e+01   3.5677190e-06   1.4720367e-07
   1.5936732e+01   3.0605795e-06   1.2163447e-07
   1.6111877e+01   2.5743381e-06   1.0207759e-07
   1.6289724e+01   2.1976992e-06   8.5433874e-08
   1.6489449e+01   1.8956750e-06   6.9955224e-08
   1.6705735e+01   1.6733947e-06   5.6339430e-08
   1.6907174e+01   1.4700742e-06   4.6052977e-08
   1.7076849e+01   1.2149654e-06   3.8860564e-08
   1.7237098e+01   1.0330209e-06   3.3102221e-08
   1.7426595e+01   8.8874031e-07   2.7383760e-08
   1.7656359e+01   7.7368553e-07   2.1758412e-08
   1.7828773e+01   6.5681811e-07   1.8309974e-08
   1.8001188e+01   5.6485707e-07   1.5408071e-08
   1.8219712e+01   4.8654614e-07   1.2381339e-08
   1.8460317e+01   4.5441581e-07   9.7317155e-09
   1.8599200e+01   3.6037731e-07   8.4688569e-09
   1.8738082e+01   3.1377223e-07   7.3698761e-09
   1.8963726e+01   2.6685057e-07   5.8800978e-09
   1.9182429e+01   2.3149304e-07   4.7241775e-09
   1.9401132e+01   2.0791203e-07   3.7954901e-09
   1.9600939e+01   1.8325170e-07   3.1075792e-09
   1.9766580e+01   1.4831366e-07   2.6328549e-09
   1.9925043e+01   1.2546821e-07   2.2467342e-09
   2.0117680e+01   1.0790931e-07   1.8527745e-09
   2.0352661e+01   9.5397085e-08   1.4644998e-09
   2.0519004e+01   7.9884407e-08   1.2399055e-09
   2.0685348e+01   6.8620946e-08   1.0497549e-09
   2.0908855e+01   5.9172059e-08   8.3934668e-10
   2.1107973e+01   5.1165919e-08   6.8769459e-10
   2.1307090e+01   4.4358129e-08   5.6344280e-10
   2.1512777e+01   3.9096352e-08   4.5861568e-10
   2.1706407e+01   3.3758552e-08   3.7782281e-10
   2.1882179e+01   2.8167368e-08   3.1687628e-10
   2.2056985e+01   2.3885741e-08   2.6601778e-10
   2.2253037e+01   2.0584921e-08   2.1862391e-10
   2.2470062e+01   1.8231111e-08   1.7594157e-10
   2.2676859e+01   1.6311180e-08   1.4304900e-10
   2.2849812e+01   1.3366593e-08   1.2031270e-10
   2.3006899e+01   1.1208182e-08   1.0280967e-10
   2.3189156e+01   9.6422188e-09   8.5667593e-11
   2.3415632e+01   8.3743783e-09   6.8293588e-11
   2.3597141e+01   7.1464277e-09   5.6949181e-11
   2.3778651e+01   6.1257109e-09   4.7489219e-11
   2.3992276e+01   5.3243367e-09   3.8348082e-11
   2.4215824e+01   4.8700538e-09   3.0660499e-11
   2.4405492e+01   4.1557130e-09   2.5359485e-11
   2.4557857e+01   3.3625384e-09   2.1772882e-11
   2.4715323e+01   2.8918435e-09   1.8598326e-11
   2.4922065e+01   2.4790757e-09   1.5122168e-11
   2.5171901e+01   2.2391629e-09   1.1776707e-11
   2.5316318e+01   1.8328582e-09   1.0191853e-11
   2.5460736e+01   1.5998672e-09   8.8202813e-12
   2.5695434e+01   1.3565094e-09   6.9738424e-12
   2.5905355e+01   1.1731806e-09   5.6523706e-12
   2.6115276e+01   1.0287451e-09   4.5813041e-12
   2.6323650e+01   9.1835479e-10   3.7189466e-12
   2.6506181e+01   7.7029142e-10   3.0980139e-12
   2.6669642e+01   6.4008407e-10   2.6304838e-12
   2.6846423e+01   5.4858296e-10   2.2039333e-12
   2.7059897e+01   4.7480913e-10   1.7799698e-12
   2.7289873e+01   4.3660104e-10   1.4140161e-12
   2.7439079e+01   3.5032196e-10   1.2178729e-12
   2.7588286e+01   3.0234103e-10   1.0489374e-12
   2.7810030e+01   2.5841015e-10   8.4017380e-13
   2.8025234e+01   2.2474257e-10   6.7737815e-13
   2.8240438e+01   2.0108260e-10   5.4612638e-13
   2.8439288e+01   1.7657164e-10   4.4757271e-13
   2.8608173e+01   1.4395102e-10   3.7797052e-13
   2.8770667e+01   1.2149296e-10   3.2124017e-13
   2.8963382e+01   1.0450023e-10   2.6489028e-13
   2.9193437e+01   9.2591292e-11   2.1041302e-13
   2.9362514e+01   7.7515025e-11   1.7765725e-13
   2.9531591e+01   6.6380520e-11   1.5000064e-13
   2.9751228e+01   5.7430347e-11   1.2040017e-13
   2.9997554e+01   5.6218825e-11   9.4093529e-14
   3.0132264e+01   4.2653189e-11   8.2225595e-14
   3.0266973e+01   3.6883001e-11   7.1854515e-14
   3.0494075e+01   3.1489049e-11   5.7245479e-14
   3.0713303e+01   2.7570718e-11   4.5967398e-14
   3.0932532e+01   2.5277682e-11   3.6911145e-14
   3.1132992e+01   2.2549909e-11   3.0201038e-14
   3.1298539e+01   1.7770231e-11   2.5589443e-14
   3.1456176e+01   1.4808047e-11   2.1854312e-14
   3.1648086e+01   1.2735627e-11   1.8034913e-14
   3.1883350e+01   1.1466260e-11   1.4250877e-14
   3.2050235e+01   9.4737194e-12   1.2058469e-14
   3.2217119e+01   8.0804698e-12   1.0203291e-14
   3.2440680e+01   7.0349848e-12   8.1572539e-15
   3.2639237e+01   6.1009284e-12   6.6867182e-15
   3.2837794e+01   5.3060102e-12   5.4812009e-15
   3.3043713e+01   4.7272222e-12   4.4599390e-15
   3.3238238e+01   4.1007377e-12   3.6705227e-15
   3.3414466e+01   3.3768903e-12   3.0766258e-15
   3.3588612e+01   2.8336107e-12   2.5841442e-15
   3.3783457e+01   2.4433572e-12   2.1258807e-15
   3.4000259e+01   2.1926968e-12   1.7107421e-15
   3.4208459e+01   2.0000971e-12   1.3885006e-15
   3.4382743e+01   1.6129580e-12   1.1658615e-15
   3.4539412e+01   1.3252023e-12   9.9631208e-16
   3.4719605e+01   1.1365973e-12   8.3150105e-16
   3.4944529e+01   9.9594250e-13   6.6339978e-16
   3.5129016e+01   8.4895911e-13   5.5113919e-16
   3.5313503e+01   7.2586635e-13   4.5780502e-16
   3.5525191e+01   6.3734858e-13   3.6992935e-16
   3.5742991e+01   5.8783608e-13   2.9699389e-16
   3.5930673e+01   4.9697370e-13   2.4571220e-16
   3.6087784e+01   3.9865942e-13   2.0960227e-16
   3.6252228e+01   3.3981787e-13   1.7742155e-16
   3.6460976e+01   2.9285631e-13   1.4350618e-16
   3.6703661e+01   2.7320024e-13   1.1202951e-16
   3.6850368e+01   2.1699924e-13   9.6394551e-17
   3.6997075e+01   1.8729294e-13   8.2894640e-17
   3.7227073e+01   1.6018740e-13   6.5343545e-17
   3.7438643e+01   1.3966707e-13   5.2403797e-17
   3.7650214e+01   1.2451955e-13   4.1933297e-17
   3.7855167e+01   1.1185043e-13   3.3699584e-17
   3.8033061e+01   9.1734411e-14   2.7801449e-17
   3.8196490e+01   7.5635863e-14   2.3234626e-17
   3.8378941e+01   6.4757541e-14   1.8945340e-17
   3.8597956e+01   5.6912377e-14   1.4731006e-17
   3.8824839e+01   5.4308048e-14   1.1237862e-17
   3.8970415e+01   4.1630020e-14   9.3800090e-18
   3.9115991e+01   3.5601701e-14   7.7740393e-18
   3.9335067e+01   3.0544067e-14   5.7580863e-18
   3.9554492e+01   2.6831749e-14   4.1367279e-18
   3.9773917e+01   2.4781872e-14   2.8350405e-18
   3.9969725e+01   2.1674357e-14   1.8917741e-18
   4.0000000e+01   1.9767861e-14   1.7617349e-18
