   0.0000000e+00   0.0000000e+00   0.0000000e+00
   3.1554436e-30   3.7429872e-28   3.7429872e-28
   2.3257563e-19   2.7588121e-17   2.7588121e-17
   2.3257563e-19   2.7588121e-17   2.7588121e-17
   2.3398732e-19   2.7755576e-17   2.7755576e-17
   2.3398732e-19   2.7755576e-17   2.7755576e-17
   1.0047546e-05   1.1917349e-03   1.1918159e-03
   6.0285274e-05   7.1473036e-03   7.1501674e-03
   2.5191198e-04   2.9819362e-02   2.9865923e-02
   2.5191198e-04   2.9819362e-02   2.9865923e-02
   2.5344104e-04   3.0000000e-02   3.0047100e-02
   2.5344104e-04   3.0000000e-02   3.0047100e-02
   3.0241353e-04   3.5783310e-02   3.5849150e-02
   3.0241353e-04   3.5783310e-02   3.5849150e-02
   3.0424912e-04   3.6000000e-02   3.6066596e-02
   3.0424912e-04   3.6000000e-02   3.6066596e-02
   5.0478929e-04   5.9639335e-02   5.9810484e-02
   5.0478929e-04   5.9639335e-02   5.9810484e-02
   5.0785326e-04   6.0000000e-02   6.0173058e-02
   5.0785326e-04   6.0000000e-02   6.0173058e-02
   6.0618938e-04   7.1567469e-02   7.1806207e-02
   6.0618938e-04   7.1567469e-02   7.1806207e-02
   6.0986883e-04   7.2000000e-02   7.2241353e-02
   6.0986883e-04   7.2000000e-02   7.2241353e-02
   7.5854823e-04   8.9459860e-02   8.9816214e-02
   7.5854823e-04   8.9459860e-02   8.9816214e-02
   7.6315246e-04   9.0000000e-02   9.0360187e-02
   7.6315246e-04   9.0000000e-02   9.0360187e-02
   9.1121283e-04   1.0735242e-01   1.0784331e-01
   9.1121283e-04   1.0735242e-01   1.0784331e-01
   9.1674371e-04   1.0800000e-01   1.0849603e-01
   9.1674371e-04   1.0800000e-01   1.0849603e-01
   1.0131589e-03   1.1928096e-01   1.1986951e-01
   1.0131589e-03   1.1928096e-01   1.1986951e-01
   1.0193086e-03   1.2000000e-01   1.2059464e-01
   1.0193086e-03   1.2000000e-01   1.2059464e-01
   1.2174691e-03   1.4313829e-01   1.4393825e-01
   1.2174691e-03   1.4313829e-01   1.4393825e-01
   1.2248589e-03   1.4400000e-01   1.4480790e-01
   1.2248589e-03   1.4400000e-01   1.4480790e-01
   1.2686345e-03   1.4910273e-01   1.4995807e-01
   1.2686345e-03   1.4910273e-01   1.4995807e-01
   1.2763348e-03   1.5000000e-01   1.5086376e-01
   1.2763348e-03   1.5000000e-01   1.5086376e-01
   1.5250302e-03   1.7892537e-01   1.8006853e-01
   1.5250302e-03   1.7892537e-01   1.8006853e-01
   1.5342868e-03   1.8000000e-01   1.8115366e-01
   1.5342868e-03   1.8000000e-01   1.8115366e-01
   1.7824453e-03   2.0874929e-01   2.1018261e-01
   1.7824453e-03   2.0874929e-01   2.1018261e-01
   1.7932643e-03   2.1000000e-01   2.1144514e-01
   1.7932643e-03   2.1000000e-01   2.1144514e-01
   1.8340614e-03   2.1471419e-01   2.1620335e-01
   1.8340614e-03   2.1471419e-01   2.1620335e-01
   1.8451938e-03   2.1600000e-01   2.1750099e-01
   1.8451938e-03   2.1600000e-01   2.1750099e-01
   2.0410354e-03   2.3857490e-01   2.4027031e-01
   2.0410354e-03   2.3857490e-01   2.4027031e-01
   2.0534241e-03   2.4000000e-01   2.4170647e-01
   2.0534241e-03   2.4000000e-01   2.4170647e-01
   2.1448502e-03   2.5050567e-01   2.5228677e-01
   2.1448502e-03   2.5050567e-01   2.5228677e-01
   2.1578690e-03   2.5200000e-01   2.5379058e-01
   2.1578690e-03   2.5200000e-01   2.5379058e-01
   2.1968477e-03   2.5647135e-01   2.5828847e-01
   2.1968477e-03   2.5647135e-01   2.5828847e-01
   2.2101821e-03   2.5800000e-01   2.5982554e-01
   2.2101821e-03   2.5800000e-01   2.5982554e-01
   2.2489110e-03   2.6243708e-01   2.6428486e-01
   2.2489110e-03   2.6243708e-01   2.6428486e-01
   2.2625614e-03   2.6400000e-01   2.6585475e-01
   2.2625614e-03   2.6400000e-01   2.6585475e-01
   2.3010390e-03   2.6840282e-01   2.7027438e-01
   2.3010390e-03   2.6840282e-01   2.7027438e-01
   2.3150059e-03   2.7000000e-01   2.7187653e-01
   2.3150059e-03   2.7000000e-01   2.7187653e-01
   2.3532303e-03   2.7436855e-01   2.7625514e-01
   2.3532303e-03   2.7436855e-01   2.7625514e-01
   2.3675140e-03   2.7600000e-01   2.7788891e-01
   2.3675140e-03   2.7600000e-01   2.7788891e-01
   2.4054829e-03   2.8033424e-01   2.8222491e-01
   2.4054829e-03   2.8033424e-01   2.8222491e-01
   2.4200837e-03   2.8200000e-01   2.8388950e-01
   2.4200837e-03   2.8200000e-01   2.8388950e-01
   2.4577936e-03   2.8629986e-01   2.8818094e-01
   2.4577936e-03   2.8629986e-01   2.8818094e-01
   2.4727120e-03   2.8800000e-01   2.8987541e-01
   2.4727120e-03   2.8800000e-01   2.8987541e-01
   2.5101621e-03   2.9226558e-01   2.9412030e-01
   2.5101621e-03   2.9226558e-01   2.9412030e-01
   2.5253983e-03   2.9400000e-01   2.9584347e-01
   2.5253983e-03   2.9400000e-01   2.9584347e-01
   2.5462705e-03   2.9637512e-01   2.9820021e-01
   2.5462705e-03   2.9637512e-01   2.9820021e-01
   2.5467793e-03   2.9643301e-01   2.9825761e-01
   2.5467793e-03   2.9643301e-01   2.9825761e-01
   2.5617227e-03   2.9813286e-01   2.9994199e-01
   2.5617227e-03   2.9813286e-01   2.9994199e-01
   2.5620803e-03   2.9817352e-01   2.9998226e-01
   2.5620803e-03   2.9817352e-01   2.9998226e-01
   2.5622378e-03   2.9819144e-01   3.0000000e-01
   2.5622378e-03   2.9819144e-01   3.0000000e-01
   2.5625875e-03   2.9823121e-01   3.0003939e-01
   2.5625875e-03   2.9823121e-01   3.0003939e-01
   2.5776285e-03   2.9994163e-01   3.0173345e-01
   2.5776285e-03   2.9994163e-01   3.0173345e-01
   2.5781419e-03   3.0000000e-01   3.0179127e-01
   2.5781419e-03   3.0000000e-01   3.0179127e-01
   2.8248996e-03   3.2805114e-01   3.2958352e-01
   2.8248996e-03   3.2805114e-01   3.2958352e-01
   2.8420462e-03   3.3000000e-01   3.3151473e-01
   2.8420462e-03   3.3000000e-01   3.3151473e-01
   3.0873054e-03   3.5787086e-01   3.5913820e-01
   3.0873054e-03   3.5787086e-01   3.5913820e-01
   3.1060447e-03   3.6000000e-01   3.6124880e-01
   3.1060447e-03   3.6000000e-01   3.6124880e-01
   3.3498039e-03   3.8769064e-01   3.8870332e-01
   3.3498039e-03   3.8769064e-01   3.8870332e-01
   3.3701365e-03   3.9000000e-01   3.9099338e-01
   3.3701365e-03   3.9000000e-01   3.9099338e-01
   3.6123943e-03   4.1751048e-01   4.1827880e-01
   3.6123943e-03   4.1751048e-01   4.1827880e-01
   3.6343208e-03   4.2000000e-01   4.2074837e-01
   3.6343208e-03   4.2000000e-01   4.2074837e-01
   3.8750755e-03   4.4733037e-01   4.4786451e-01
   3.8750755e-03   4.4733037e-01   4.4786451e-01
   3.8985965e-03   4.5000000e-01   4.5051366e-01
   3.8985965e-03   4.5000000e-01   4.5051366e-01
   4.1378466e-03   4.7715030e-01   4.7746034e-01
   4.1378466e-03   4.7715030e-01   4.7746034e-01
   4.1629626e-03   4.8000000e-01   4.8028913e-01
   4.1629626e-03   4.8000000e-01   4.8028913e-01
   4.4007066e-03   5.0697029e-01   5.0706617e-01
   4.4007066e-03   5.0697029e-01   5.0706617e-01
   4.4274180e-03   5.1000000e-01   5.1007467e-01
   4.4274180e-03   5.1000000e-01   5.1007467e-01
   4.6636543e-03   5.3679032e-01   5.3668189e-01
   4.6636543e-03   5.3679032e-01   5.3668189e-01
   4.6919617e-03   5.4000000e-01   5.3987015e-01
   4.6919617e-03   5.4000000e-01   5.3987015e-01
   4.9266885e-03   5.6661040e-01   5.6630735e-01
   4.9266885e-03   5.6661040e-01   5.6630735e-01
   4.9565925e-03   5.7000000e-01   5.6967543e-01
   4.9565925e-03   5.7000000e-01   5.6967543e-01
   5.1898082e-03   5.9643052e-01   5.9594244e-01
   5.1898082e-03   5.9643052e-01   5.9594244e-01
   5.2213093e-03   6.0000000e-01   5.9949040e-01
   5.2213093e-03   6.0000000e-01   5.9949040e-01
   5.4530120e-03   6.2625068e-01   6.2558700e-01
   5.4530120e-03   6.2625068e-01   6.2558700e-01
   5.4861107e-03   6.3000000e-01   6.2931490e-01
   5.4861107e-03   6.3000000e-01   6.2931490e-01
   5.7162986e-03   6.5607088e-01   6.5524090e-01
   5.7162986e-03   6.5607088e-01   6.5524090e-01
   5.7509954e-03   6.6000000e-01   6.5914879e-01
   5.7509954e-03   6.6000000e-01   6.5914879e-01
   5.9796668e-03   6.8589111e-01   6.8490397e-01
   5.9796668e-03   6.8589111e-01   6.8490397e-01
   6.0159622e-03   6.9000000e-01   6.8899191e-01
   6.0159622e-03   6.9000000e-01   6.8899191e-01
   6.2431151e-03   7.1571138e-01   7.1457607e-01
   6.2431151e-03   7.1571138e-01   7.1457607e-01
   6.2810096e-03   7.2000000e-01   7.1884412e-01
   6.2810096e-03   7.2000000e-01   7.1884412e-01
   6.5066421e-03   7.4553167e-01   7.4425703e-01
   6.5066421e-03   7.4553167e-01   7.4425703e-01
   6.5461361e-03   7.5000000e-01   7.4870524e-01
   6.5461361e-03   7.5000000e-01   7.4870524e-01
   6.7702462e-03   7.7535199e-01   7.7394668e-01
   6.7702462e-03   7.7535199e-01   7.7394668e-01
   6.8113403e-03   7.8000000e-01   7.7857509e-01
   6.8113403e-03   7.8000000e-01   7.7857509e-01
   7.0339258e-03   8.0517233e-01   8.0364484e-01
   7.0339258e-03   8.0517233e-01   8.0364484e-01
   7.0766204e-03   8.1000000e-01   8.0845351e-01
   7.0766204e-03   8.1000000e-01   8.0845351e-01
   7.2976793e-03   8.3499269e-01   8.3335131e-01
   7.2976793e-03   8.3499269e-01   8.3335131e-01
   7.3419748e-03   8.4000000e-01   8.3834030e-01
   7.3419748e-03   8.4000000e-01   8.3834030e-01
   7.5615050e-03   8.6481307e-01   8.6306591e-01
   7.5615050e-03   8.6481307e-01   8.6306591e-01
   7.6074018e-03   8.7000000e-01   8.6823526e-01
   7.6074018e-03   8.7000000e-01   8.6823526e-01
   7.8254009e-03   8.9463345e-01   8.9278843e-01
   7.8254009e-03   8.9463345e-01   8.9278843e-01
   7.8728996e-03   9.0000000e-01   8.9813819e-01
   7.8728996e-03   9.0000000e-01   8.9813819e-01
   8.0893653e-03   9.2445385e-01   9.2251866e-01
   8.0893653e-03   9.2445385e-01   9.2251866e-01
   8.1384662e-03   9.3000000e-01   9.2804888e-01
   8.1384662e-03   9.3000000e-01   9.2804888e-01
   8.3533962e-03   9.5427425e-01   9.5225638e-01
   8.3533962e-03   9.5427425e-01   9.5225638e-01
   8.4040997e-03   9.6000000e-01   9.5796709e-01
   8.4040997e-03   9.6000000e-01   9.5796709e-01
   8.6174914e-03   9.8409464e-01   9.8200134e-01
   8.6174914e-03   9.8409464e-01   9.8200134e-01
   8.6697979e-03   9.9000000e-01   9.8789260e-01
   8.6697979e-03   9.9000000e-01   9.8789260e-01
   8.8816488e-03   1.0139150e+00   1.0117533e+00
   8.8816488e-03   1.0139150e+00   1.0117533e+00
   8.9355587e-03   1.0200000e+00   1.0178252e+00
   8.9355587e-03   1.0200000e+00   1.0178252e+00
   9.1458662e-03   1.0437354e+00   1.0415120e+00
   9.1458662e-03   1.0437354e+00   1.0415120e+00
   9.2013798e-03   1.0500000e+00   1.0477645e+00
   9.2013798e-03   1.0500000e+00   1.0477645e+00
   9.4101411e-03   1.0735558e+00   1.0712772e+00
   9.4101411e-03   1.0735558e+00   1.0712772e+00
   9.4672588e-03   1.0800000e+00   1.0777104e+00
   9.4672588e-03   1.0800000e+00   1.0777104e+00
   9.6744710e-03   1.1033761e+00   1.1010486e+00
   9.6744710e-03   1.1033761e+00   1.1010486e+00
   9.7331932e-03   1.1100000e+00   1.1076625e+00
   9.7331932e-03   1.1100000e+00   1.1076625e+00
   9.9388534e-03   1.1331964e+00   1.1308259e+00
   9.9388534e-03   1.1331964e+00   1.1308259e+00
   9.9991803e-03   1.1400000e+00   1.1376205e+00
   9.9991803e-03   1.1400000e+00   1.1376205e+00
   1.0203285e-02   1.1630167e+00   1.1606088e+00
   1.0203285e-02   1.1630167e+00   1.1606088e+00
   1.0265217e-02   1.1700000e+00   1.1675842e+00
   1.0265217e-02   1.1700000e+00   1.1675842e+00
   1.0467764e-02   1.1928369e+00   1.1903970e+00
   1.0467764e-02   1.1928369e+00   1.1903970e+00
   1.0531302e-02   1.2000000e+00   1.1975532e+00
   1.0531302e-02   1.2000000e+00   1.1975532e+00
   1.0732287e-02   1.2226570e+00   1.2201901e+00
   1.0732287e-02   1.2226570e+00   1.2201901e+00
   1.0797430e-02   1.2300000e+00   1.2275271e+00
   1.0797430e-02   1.2300000e+00   1.2275271e+00
   1.0996850e-02   1.2524771e+00   1.2499878e+00
   1.0996850e-02   1.2524771e+00   1.2499878e+00
   1.1063599e-02   1.2600000e+00   1.2575057e+00
   1.1063599e-02   1.2600000e+00   1.2575057e+00
   1.1261450e-02   1.2822972e+00   1.2797896e+00
   1.1261450e-02   1.2822972e+00   1.2797896e+00
   1.1329805e-02   1.2900000e+00   1.2874884e+00
   1.1329805e-02   1.2900000e+00   1.2874884e+00
   1.1526084e-02   1.3121171e+00   1.3095953e+00
   1.1526084e-02   1.3121171e+00   1.3095953e+00
   1.1596046e-02   1.3200000e+00   1.3174750e+00
   1.1596046e-02   1.3200000e+00   1.3174750e+00
   1.1790748e-02   1.3419370e+00   1.3394043e+00
   1.1790748e-02   1.3419370e+00   1.3394043e+00
   1.1862316e-02   1.3500000e+00   1.3474649e+00
   1.1862316e-02   1.3500000e+00   1.3474649e+00
   1.2055438e-02   1.3717567e+00   1.3692162e+00
   1.2055438e-02   1.3717567e+00   1.3692162e+00
   1.2128613e-02   1.3800000e+00   1.3774578e+00
   1.2128613e-02   1.3800000e+00   1.3774578e+00
   1.2320150e-02   1.4015764e+00   1.3990306e+00
   1.2320150e-02   1.4015764e+00   1.3990306e+00
   1.2394931e-02   1.4100000e+00   1.4074532e+00
   1.2394931e-02   1.4100000e+00   1.4074532e+00
   1.2584879e-02   1.4313959e+00   1.4288470e+00
   1.2584879e-02   1.4313959e+00   1.4288470e+00
   1.2661267e-02   1.4400000e+00   1.4374505e+00
   1.2661267e-02   1.4400000e+00   1.4374505e+00
   1.2802256e-02   1.4558803e+00   1.4533300e+00
   1.2802256e-02   1.4558803e+00   1.4533300e+00
   1.2824078e-02   1.4583383e+00   1.4557879e+00
   1.2824078e-02   1.4583383e+00   1.4557879e+00
   1.2878145e-02   1.4644280e+00   1.4618775e+00
   1.2878145e-02   1.4644280e+00   1.4618775e+00
   1.2900097e-02   1.4669004e+00   1.4643498e+00
   1.2900097e-02   1.4669004e+00   1.4643498e+00
   1.3151285e-02   1.4951925e+00   1.4926411e+00
   1.3387251e-02   1.5217701e+00   1.5192179e+00
   1.3387251e-02   1.5217701e+00   1.5192179e+00
   1.3410377e-02   1.5243748e+00   1.5218226e+00
   1.3410377e-02   1.5243748e+00   1.5218226e+00
   1.3470246e-02   1.5311181e+00   1.5285656e+00
   1.3470246e-02   1.5311181e+00   1.5285656e+00
   1.3493517e-02   1.5337391e+00   1.5311865e+00
   1.3493517e-02   1.5337391e+00   1.5311865e+00
   1.3537955e-02   1.5387445e+00   1.5361917e+00
   1.3537955e-02   1.5387445e+00   1.5361917e+00
   1.3620128e-02   1.5480000e+00   1.5454467e+00
   1.3620128e-02   1.5480000e+00   1.5454467e+00
   1.3749739e-02   1.5625992e+00   1.5600448e+00
   1.3749739e-02   1.5625992e+00   1.5600448e+00
   1.3833197e-02   1.5720000e+00   1.5694446e+00
   1.3833197e-02   1.5720000e+00   1.5694446e+00
   1.3961508e-02   1.5864537e+00   1.5838963e+00
   1.3961508e-02   1.5864537e+00   1.5838963e+00
   1.4046252e-02   1.5960000e+00   1.5934409e+00
   1.4046252e-02   1.5960000e+00   1.5934409e+00
   1.4173260e-02   1.6103081e+00   1.6077458e+00
   1.4173260e-02   1.6103081e+00   1.6077458e+00
   1.4259289e-02   1.6200000e+00   1.6174352e+00
   1.4259289e-02   1.6200000e+00   1.6174352e+00
   1.4384991e-02   1.6341623e+00   1.6315931e+00
   1.4384991e-02   1.6341623e+00   1.6315931e+00
   1.4472305e-02   1.6440000e+00   1.6414272e+00
   1.4472305e-02   1.6440000e+00   1.6414272e+00
   1.4596698e-02   1.6580163e+00   1.6554376e+00
   1.4596698e-02   1.6580163e+00   1.6554376e+00
   1.4685297e-02   1.6680000e+00   1.6654164e+00
   1.4685297e-02   1.6680000e+00   1.6654164e+00
   1.4808379e-02   1.6818702e+00   1.6792791e+00
   1.4808379e-02   1.6818702e+00   1.6792791e+00
   1.4898263e-02   1.6920000e+00   1.6894026e+00
   1.4898263e-02   1.6920000e+00   1.6894026e+00
   1.5020029e-02   1.7057239e+00   1.7031172e+00
   1.5020029e-02   1.7057239e+00   1.7031172e+00
   1.5111198e-02   1.7160000e+00   1.7133855e+00
   1.5111198e-02   1.7160000e+00   1.7133855e+00
   1.5231647e-02   1.7295775e+00   1.7269517e+00
   1.5231647e-02   1.7295775e+00   1.7269517e+00
   1.5324100e-02   1.7400000e+00   1.7373646e+00
   1.5324100e-02   1.7400000e+00   1.7373646e+00
   1.5443230e-02   1.7534310e+00   1.7507822e+00
   1.5443230e-02   1.7534310e+00   1.7507822e+00
   1.5536968e-02   1.7640000e+00   1.7613398e+00
   1.5536968e-02   1.7640000e+00   1.7613398e+00
   1.5654776e-02   1.7772843e+00   1.7746085e+00
   1.5654776e-02   1.7772843e+00   1.7746085e+00
   1.5749797e-02   1.7880000e+00   1.7853107e+00
   1.5749797e-02   1.7880000e+00   1.7853107e+00
   1.5866282e-02   1.8011374e+00   1.7984304e+00
   1.5866282e-02   1.8011374e+00   1.7984304e+00
   1.5962587e-02   1.8120000e+00   1.8092772e+00
   1.5962587e-02   1.8120000e+00   1.8092772e+00
   1.6077746e-02   1.8249904e+00   1.8222475e+00
   1.6077746e-02   1.8249904e+00   1.8222475e+00
   1.6175335e-02   1.8360000e+00   1.8332389e+00
   1.6175335e-02   1.8360000e+00   1.8332389e+00
   1.6289166e-02   1.8488433e+00   1.8460597e+00
   1.6289166e-02   1.8488433e+00   1.8460597e+00
   1.6388038e-02   1.8600000e+00   1.8571956e+00
   1.6388038e-02   1.8600000e+00   1.8571956e+00
   1.6500540e-02   1.8726961e+00   1.8698666e+00
   1.6500540e-02   1.8726961e+00   1.8698666e+00
   1.6600695e-02   1.8840000e+00   1.8811470e+00
   1.6600695e-02   1.8840000e+00   1.8811470e+00
   1.6711866e-02   1.8965487e+00   1.8936682e+00
   1.6711866e-02   1.8965487e+00   1.8936682e+00
   1.6813303e-02   1.9080000e+00   1.9050931e+00
   1.6813303e-02   1.9080000e+00   1.9050931e+00
   1.6923142e-02   1.9204012e+00   1.9174642e+00
   1.6923142e-02   1.9204012e+00   1.9174642e+00
   1.7025862e-02   1.9320000e+00   1.9290335e+00
   1.7025862e-02   1.9320000e+00   1.9290335e+00
   1.7134367e-02   1.9442535e+00   1.9412543e+00
   1.7134367e-02   1.9442535e+00   1.9412543e+00
   1.7238369e-02   1.9560000e+00   1.9529681e+00
   1.7238369e-02   1.9560000e+00   1.9529681e+00
   1.7345538e-02   1.9681057e+00   1.9650385e+00
   1.7345538e-02   1.9681057e+00   1.9650385e+00
   1.7450822e-02   1.9800000e+00   1.9768966e+00
   1.7450822e-02   1.9800000e+00   1.9768966e+00
   1.7556655e-02   1.9919578e+00   1.9888165e+00
   1.7556655e-02   1.9919578e+00   1.9888165e+00
   1.7663220e-02   2.0040000e+00   2.0008190e+00
   1.7663220e-02   2.0040000e+00   2.0008190e+00
   1.7767715e-02   2.0158098e+00   2.0125882e+00
   1.7767715e-02   2.0158098e+00   2.0125882e+00
   1.7875562e-02   2.0280000e+00   2.0247349e+00
   1.7875562e-02   2.0280000e+00   2.0247349e+00
   1.7978718e-02   2.0396617e+00   2.0363534e+00
   1.7978718e-02   2.0396617e+00   2.0363534e+00
   1.8087845e-02   2.0520000e+00   2.0486444e+00
   1.8087845e-02   2.0520000e+00   2.0486444e+00
   1.8189662e-02   2.0635134e+00   2.0601119e+00
   1.8189662e-02   2.0635134e+00   2.0601119e+00
   1.8300069e-02   2.0760000e+00   2.0725471e+00
   1.8300069e-02   2.0760000e+00   2.0725471e+00
   1.8400545e-02   2.0873650e+00   2.0838636e+00
   1.8400545e-02   2.0873650e+00   2.0838636e+00
   1.8512233e-02   2.1000000e+00   2.0964430e+00
   1.8512233e-02   2.1000000e+00   2.0964430e+00
   1.8611367e-02   2.1112165e+00   2.1076084e+00
   1.8611367e-02   2.1112165e+00   2.1076084e+00
   1.8724334e-02   2.1240000e+00   2.1203319e+00
   1.8724334e-02   2.1240000e+00   2.1203319e+00
   1.8822125e-02   2.1350679e+00   2.1313461e+00
   1.8822125e-02   2.1350679e+00   2.1313461e+00
   1.8936372e-02   2.1480000e+00   2.1442136e+00
   1.8936372e-02   2.1480000e+00   2.1442136e+00
   1.9032820e-02   2.1589191e+00   2.1550766e+00
   1.9032820e-02   2.1589191e+00   2.1550766e+00
   1.9148345e-02   2.1720000e+00   2.1680881e+00
   1.9148345e-02   2.1720000e+00   2.1680881e+00
   1.9243449e-02   2.1827703e+00   2.1787997e+00
   1.9243449e-02   2.1827703e+00   2.1787997e+00
   1.9360253e-02   2.1960000e+00   2.1919552e+00
   1.9360253e-02   2.1960000e+00   2.1919552e+00
   1.9454012e-02   2.2066213e+00   2.2025153e+00
   1.9454012e-02   2.2066213e+00   2.2025153e+00
   1.9572094e-02   2.2200000e+00   2.2158148e+00
   1.9572094e-02   2.2200000e+00   2.2158148e+00
   1.9664508e-02   2.2304722e+00   2.2262234e+00
   1.9664508e-02   2.2304722e+00   2.2262234e+00
   1.9783868e-02   2.2440000e+00   2.2396668e+00
   1.9783868e-02   2.2440000e+00   2.2396668e+00
   1.9874935e-02   2.2543230e+00   2.2499238e+00
   1.9874935e-02   2.2543230e+00   2.2499238e+00
   1.9995572e-02   2.2680000e+00   2.2635110e+00
   1.9995572e-02   2.2680000e+00   2.2635110e+00
   2.0000000e-02   2.2685020e+00   2.2640098e+00
   2.0022139e-02   2.2683861e+00   2.2638771e+00
   2.0095896e-02   2.2680000e+00   2.2634353e+00
   2.0095896e-02   2.2680000e+00   2.2634353e+00
   2.0206592e-02   2.2674204e+00   2.2627722e+00
   2.0317288e-02   2.2668406e+00   2.2621091e+00
   2.0538680e-02   2.2656809e+00   2.2607829e+00
   2.0981463e-02   2.2633601e+00   2.2581305e+00
   2.1867031e-02   2.2587137e+00   2.2528257e+00
   2.2714294e-02   2.2542623e+00   2.2477503e+00
   2.2714294e-02   2.2542623e+00   2.2477503e+00
   2.4485428e-02   2.2449384e+00   2.2371406e+00
   2.4663412e-02   2.2440000e+00   2.2360745e+00
   2.4663412e-02   2.2440000e+00   2.2360745e+00
   2.6434547e-02   2.2346482e+00   2.2254648e+00
   2.7254253e-02   2.2303114e+00   2.2205545e+00
   2.7254253e-02   2.2303114e+00   2.2205545e+00
   2.7552934e-02   2.2287298e+00   2.2187653e+00
   2.7552934e-02   2.2287298e+00   2.2187653e+00
   2.7661001e-02   2.2281574e+00   2.2181180e+00
   2.7661001e-02   2.2281574e+00   2.2181180e+00
   2.7769068e-02   2.2275849e+00   2.2174706e+00
   2.7877134e-02   2.2270123e+00   2.2168233e+00
   2.8093268e-02   2.2258668e+00   2.2155286e+00
   2.8525536e-02   2.2235748e+00   2.2129391e+00
   2.9199168e-02   2.2200000e+00   2.2089039e+00
   2.9199168e-02   2.2200000e+00   2.2089039e+00
   3.0063704e-02   2.2154068e+00   2.2037250e+00
   3.0928239e-02   2.2108075e+00   2.1985462e+00
   3.1762644e-02   2.2063629e+00   2.1935479e+00
   3.1762644e-02   2.2063629e+00   2.1935479e+00
   3.3491715e-02   2.1971349e+00   2.1831902e+00
   3.3704073e-02   2.1960000e+00   2.1819181e+00
   3.3704073e-02   2.1960000e+00   2.1819181e+00
   3.5433144e-02   2.1867455e+00   2.1715604e+00
   3.6240370e-02   2.1824168e+00   2.1667249e+00
   3.6240370e-02   2.1824168e+00   2.1667249e+00
   3.7969441e-02   2.1731275e+00   2.1563672e+00
   3.8179027e-02   2.1720000e+00   2.1551117e+00
   3.8179027e-02   2.1720000e+00   2.1551117e+00
   3.9908098e-02   2.1626845e+00   2.1447541e+00
   4.0688325e-02   2.1584732e+00   2.1400803e+00
   4.0688325e-02   2.1584732e+00   2.1400803e+00
   4.2417397e-02   2.1491237e+00   2.1297226e+00
   4.2624919e-02   2.1480000e+00   2.1284795e+00
   4.2624919e-02   2.1480000e+00   2.1284795e+00
   4.4353990e-02   2.1386245e+00   2.1181218e+00
   4.5107395e-02   2.1345321e+00   2.1136087e+00
   4.5107395e-02   2.1345321e+00   2.1136087e+00
   4.5788007e-02   2.1308312e+00   2.1095316e+00
   4.5788007e-02   2.1308312e+00   2.1095316e+00
   4.6017270e-02   2.1295838e+00   2.1081582e+00
   4.6017270e-02   2.1295838e+00   2.1081582e+00
   4.6246534e-02   2.1283360e+00   2.1067849e+00
   4.6475797e-02   2.1270878e+00   2.1054115e+00
   4.6934324e-02   2.1245902e+00   2.1026648e+00
   4.7042633e-02   2.1240000e+00   2.1020160e+00
   4.7042633e-02   2.1240000e+00   2.1020160e+00
   4.7959687e-02   2.1189992e+00   2.0965226e+00
   4.8876740e-02   2.1139918e+00   2.0910291e+00
   4.9498456e-02   2.1105934e+00   2.0873049e+00
   4.9498456e-02   2.1105934e+00   2.0873049e+00
   5.1332563e-02   2.1005509e+00   2.0763180e+00
   5.1433044e-02   2.1000000e+00   2.0757161e+00
   5.1433044e-02   2.1000000e+00   2.0757161e+00
   5.3267152e-02   2.0899306e+00   2.0647292e+00
   5.3862379e-02   2.0866573e+00   2.0611636e+00
   5.3862379e-02   2.0866573e+00   2.0611636e+00
   5.5696487e-02   2.0765545e+00   2.0501767e+00
   5.5797024e-02   2.0760000e+00   2.0495745e+00
   5.5797024e-02   2.0760000e+00   2.0495745e+00
   5.7631131e-02   2.0658708e+00   2.0385876e+00
   5.8200030e-02   2.0627238e+00   2.0351797e+00
   5.8200030e-02   2.0627238e+00   2.0351797e+00
   6.0034138e-02   2.0525620e+00   2.0241929e+00
   6.0135439e-02   2.0520000e+00   2.0235860e+00
   6.0135439e-02   2.0520000e+00   2.0235860e+00
   6.1969546e-02   2.0418122e+00   2.0125992e+00
   6.2512271e-02   2.0387928e+00   2.0093481e+00
   6.2512271e-02   2.0387928e+00   2.0093481e+00
   6.4346378e-02   2.0285734e+00   1.9983612e+00
   6.4449154e-02   2.0280000e+00   1.9977455e+00
   6.4449154e-02   2.0280000e+00   1.9977455e+00
   6.4911477e-02   2.0254198e+00   1.9949761e+00
   6.4911477e-02   2.0254198e+00   1.9949761e+00
   6.5278530e-02   2.0233703e+00   1.9927773e+00
   6.5278530e-02   2.0233703e+00   1.9927773e+00
   6.5645584e-02   2.0213197e+00   1.9905786e+00
   6.6012638e-02   2.0192682e+00   1.9883798e+00
   6.6746745e-02   2.0151623e+00   1.9839823e+00
   6.6799960e-02   2.0148645e+00   1.9836635e+00
   6.6799960e-02   2.0148645e+00   1.9836635e+00
   6.8268175e-02   2.0066406e+00   1.9748684e+00
   6.8739032e-02   2.0040000e+00   1.9720478e+00
   6.8739032e-02   2.0040000e+00   1.9720478e+00
   7.0207246e-02   1.9957561e+00   1.9632528e+00
   7.1063957e-02   1.9909387e+00   1.9581208e+00
   7.1063957e-02   1.9909387e+00   1.9581208e+00
   7.2532171e-02   1.9826710e+00   1.9493258e+00
   7.3005937e-02   1.9800000e+00   1.9464878e+00
   7.3005937e-02   1.9800000e+00   1.9464878e+00
   7.4474152e-02   1.9717126e+00   1.9376927e+00
   7.5305119e-02   1.9670157e+00   1.9327149e+00
   7.5305119e-02   1.9670157e+00   1.9327149e+00
   7.6692501e-02   1.9591632e+00   1.9244041e+00
   7.6692501e-02   1.9591632e+00   1.9244041e+00
   7.7250736e-02   1.9560000e+00   1.9210601e+00
   7.7250736e-02   1.9560000e+00   1.9210601e+00
   7.7457725e-02   1.9548266e+00   1.9198202e+00
   7.7457725e-02   1.9548266e+00   1.9198202e+00
   7.7664715e-02   1.9536528e+00   1.9185802e+00
   7.7871705e-02   1.9524788e+00   1.9173403e+00
   7.8285685e-02   1.9501300e+00   1.9148604e+00
   7.9113645e-02   1.9454288e+00   1.9099007e+00
   7.9379457e-02   1.9439185e+00   1.9083084e+00
   7.9379457e-02   1.9439185e+00   1.9083084e+00
   7.9524308e-02   1.9430955e+00   1.9074407e+00
   7.9524308e-02   1.9430955e+00   1.9074407e+00
   7.9669158e-02   1.9422726e+00   1.9065730e+00
   7.9814009e-02   1.9414498e+00   1.9057053e+00
   8.0103710e-02   1.9398047e+00   1.9039699e+00
   8.0253636e-02   1.9389535e+00   1.9030718e+00
   8.0253636e-02   1.9389535e+00   1.9030718e+00
   8.0833038e-02   1.9356657e+00   1.8996010e+00
   8.0964985e-02   1.9349172e+00   1.8988106e+00
   8.0964985e-02   1.9349172e+00   1.8988106e+00
   8.1457436e-02   1.9321250e+00   1.8958607e+00
   8.1457436e-02   1.9321250e+00   1.8958607e+00
   8.1949886e-02   1.9293345e+00   1.8929107e+00
   8.2442336e-02   1.9265456e+00   1.8899608e+00
   8.3427237e-02   1.9209728e+00   1.8840609e+00
   8.5097178e-02   1.9115394e+00   1.8740575e+00
   8.5097178e-02   1.9115394e+00   1.8740575e+00
   8.5623369e-02   1.9085710e+00   1.8709054e+00
   8.5623369e-02   1.9085710e+00   1.8709054e+00
   8.6149560e-02   1.9056045e+00   1.8677534e+00
   8.6675751e-02   1.9026400e+00   1.8646013e+00
   8.7728132e-02   1.8967167e+00   1.8582972e+00
   8.9280339e-02   1.8879945e+00   1.8489990e+00
   8.9280339e-02   1.8879945e+00   1.8489990e+00
   8.9841224e-02   1.8848470e+00   1.8456392e+00
   8.9841224e-02   1.8848470e+00   1.8456392e+00
   9.0402109e-02   1.8817017e+00   1.8422793e+00
   9.0962994e-02   1.8785586e+00   1.8389194e+00
   9.2084764e-02   1.8722791e+00   1.8321997e+00
   9.3516119e-02   1.8642797e+00   1.8236254e+00
   9.3516119e-02   1.8642797e+00   1.8236254e+00
   9.4112703e-02   1.8609500e+00   1.8200517e+00
   9.4112703e-02   1.8609500e+00   1.8200517e+00
   9.4709288e-02   1.8576228e+00   1.8164780e+00
   9.5305872e-02   1.8542981e+00   1.8129042e+00
   9.6499041e-02   1.8476565e+00   1.8057568e+00
   9.7806251e-02   1.8403919e+00   1.7979262e+00
   9.7806251e-02   1.8403919e+00   1.7979262e+00
   9.8439596e-02   1.8368767e+00   1.7941323e+00
   9.8439596e-02   1.8368767e+00   1.7941323e+00
   9.9072941e-02   1.8333645e+00   1.7903383e+00
   9.9706286e-02   1.8298551e+00   1.7865444e+00
   1.0097298e-01   1.8228450e+00   1.7789565e+00
   1.0215256e-01   1.8163277e+00   1.7718905e+00
   1.0215256e-01   1.8163277e+00   1.7718905e+00
   1.0282379e-01   1.8126236e+00   1.7678696e+00
   1.0282379e-01   1.8126236e+00   1.7678696e+00
   1.0349501e-01   1.8089229e+00   1.7638487e+00
   1.0416624e-01   1.8052254e+00   1.7598279e+00
   1.0550869e-01   1.7978404e+00   1.7517862e+00
   1.0655696e-01   1.7920830e+00   1.7455067e+00
   1.0655696e-01   1.7920830e+00   1.7455067e+00
   1.0726726e-01   1.7881865e+00   1.7412518e+00
   1.0726726e-01   1.7881865e+00   1.7412518e+00
   1.0797756e-01   1.7842938e+00   1.7369969e+00
   1.0868785e-01   1.7804047e+00   1.7327420e+00
   1.1010844e-01   1.7726378e+00   1.7242323e+00
   1.1102150e-01   1.7676537e+00   1.7187628e+00
   1.1102150e-01   1.7676537e+00   1.7187628e+00
   1.1177212e-01   1.7635610e+00   1.7142663e+00
   1.1177212e-01   1.7635610e+00   1.7142663e+00
   1.1252274e-01   1.7594725e+00   1.7097699e+00
   1.1327336e-01   1.7553881e+00   1.7052734e+00
   1.1477460e-01   1.7472320e+00   1.6962805e+00
   1.1554830e-01   1.7430351e+00   1.6916458e+00
   1.1554830e-01   1.7430351e+00   1.6916458e+00
   1.1634057e-01   1.7387422e+00   1.6868999e+00
   1.1634057e-01   1.7387422e+00   1.6868999e+00
   1.1713285e-01   1.7344539e+00   1.6821539e+00
   1.1792513e-01   1.7301703e+00   1.6774079e+00
   1.1950968e-01   1.7216172e+00   1.6679159e+00
   1.2013963e-01   1.7182221e+00   1.6641423e+00
   1.2013963e-01   1.7182221e+00   1.6641423e+00
   1.2097498e-01   1.7137246e+00   1.6591383e+00
   1.2097498e-01   1.7137246e+00   1.6591383e+00
   1.2181033e-01   1.7092324e+00   1.6541343e+00
   1.2264568e-01   1.7047454e+00   1.6491303e+00
   1.2431638e-01   1.6957870e+00   1.6391223e+00
   1.2479789e-01   1.6932090e+00   1.6362379e+00
   1.2479789e-01   1.6932090e+00   1.6362379e+00
   1.2567782e-01   1.6885026e+00   1.6309669e+00
   1.2567782e-01   1.6885026e+00   1.6309669e+00
   1.2655774e-01   1.6838019e+00   1.6256958e+00
   1.2743767e-01   1.6791070e+00   1.6204248e+00
   1.2919753e-01   1.6697346e+00   1.6098827e+00
   1.2952563e-01   1.6679898e+00   1.6079173e+00
   1.2952563e-01   1.6679898e+00   1.6079173e+00
   1.3045174e-01   1.6630695e+00   1.6023696e+00
   1.3045174e-01   1.6630695e+00   1.6023696e+00
   1.3137785e-01   1.6581556e+00   1.5968219e+00
   1.3230396e-01   1.6532481e+00   1.5912742e+00
   1.3415618e-01   1.6434523e+00   1.5801789e+00
   1.3432555e-01   1.6425578e+00   1.5791643e+00
   1.3432555e-01   1.6425578e+00   1.5791643e+00
   1.3529955e-01   1.6374185e+00   1.5733297e+00
   1.3529955e-01   1.6374185e+00   1.5733297e+00
   1.3627355e-01   1.6322862e+00   1.5674951e+00
   1.3724755e-01   1.6271609e+00   1.5616606e+00
   1.3919556e-01   1.6169318e+00   1.5499914e+00
   1.3920052e-01   1.6169058e+00   1.5499617e+00
   1.3920052e-01   1.6169058e+00   1.5499617e+00
   1.4022425e-01   1.6115418e+00   1.5438292e+00
   1.4022425e-01   1.6115418e+00   1.5438292e+00
   1.4124797e-01   1.6061857e+00   1.5376968e+00
   1.4227169e-01   1.6008373e+00   1.5315644e+00
   1.4415363e-01   1.5910256e+00   1.5202910e+00
   1.4415363e-01   1.5910256e+00   1.5202910e+00
   1.4522903e-01   1.5854311e+00   1.5138490e+00
   1.4522903e-01   1.5854311e+00   1.5138490e+00
   1.4630443e-01   1.5798453e+00   1.5074071e+00
   1.4737983e-01   1.5742679e+00   1.5009651e+00
   1.4918814e-01   1.5649089e+00   1.4901327e+00
   1.4918814e-01   1.5649089e+00   1.4901327e+00
   1.5031732e-01   1.5590774e+00   1.4833686e+00
   1.5031732e-01   1.5590774e+00   1.4833686e+00
   1.5144649e-01   1.5532555e+00   1.4766045e+00
   1.5257567e-01   1.5474428e+00   1.4698404e+00
   1.5430757e-01   1.5385460e+00   1.4594658e+00
   1.5430757e-01   1.5385460e+00   1.4594658e+00
   1.5549277e-01   1.5324707e+00   1.4523660e+00
   1.5549277e-01   1.5324707e+00   1.4523660e+00
   1.5667798e-01   1.5264058e+00   1.4452663e+00
   1.5786319e-01   1.5203511e+00   1.4381665e+00
   1.5951567e-01   1.5119267e+00   1.4282677e+00
   1.5951567e-01   1.5119267e+00   1.4282677e+00
   1.6075933e-01   1.5056001e+00   1.4208177e+00
   1.6075933e-01   1.5056001e+00   1.4208177e+00
   1.6200300e-01   1.4992849e+00   1.4133678e+00
   1.6324667e-01   1.4929808e+00   1.4059178e+00
   1.6481648e-01   1.4850397e+00   1.3965141e+00
   1.6481648e-01   1.4850397e+00   1.3965141e+00
   1.6612123e-01   1.4784537e+00   1.3886983e+00
   1.6612123e-01   1.4784537e+00   1.3886983e+00
   1.6742598e-01   1.4718802e+00   1.3808824e+00
   1.6873073e-01   1.4653187e+00   1.3730666e+00
   1.7021437e-01   1.4578728e+00   1.3641791e+00
   1.7021437e-01   1.4578728e+00   1.3641791e+00
   1.7158303e-01   1.4510185e+00   1.3559804e+00
   1.7158303e-01   1.4510185e+00   1.3559804e+00
   1.7295170e-01   1.4441780e+00   1.3477817e+00
   1.7432036e-01   1.4373505e+00   1.3395829e+00
   1.7571402e-01   1.4304123e+00   1.3312345e+00
   1.7571402e-01   1.4304123e+00   1.3312345e+00
   1.7714968e-01   1.4232803e+00   1.3226344e+00
   1.7714968e-01   1.4232803e+00   1.3226344e+00
   1.7858534e-01   1.4161632e+00   1.3140344e+00
   1.8002099e-01   1.4090603e+00   1.3054344e+00
   1.8132054e-01   1.4026436e+00   1.2976497e+00
   1.8132054e-01   1.4026436e+00   1.2976497e+00
   1.8282653e-01   1.3952233e+00   1.2886284e+00
   1.8282653e-01   1.3952233e+00   1.2886284e+00
   1.8433252e-01   1.3878192e+00   1.2796070e+00
   1.8583851e-01   1.3804306e+00   1.2705856e+00
   1.8703943e-01   1.3745503e+00   1.2633918e+00
   1.8703943e-01   1.3745503e+00   1.2633918e+00
   1.8861940e-01   1.3668302e+00   1.2539272e+00
   1.8861940e-01   1.3668302e+00   1.2539272e+00
   1.9019938e-01   1.3591278e+00   1.2444627e+00
   1.9091741e-01   1.3556329e+00   1.2401615e+00
   1.9091741e-01   1.3556329e+00   1.2401615e+00
   1.9249738e-01   1.3479551e+00   1.2306970e+00
   1.9254889e-01   1.3477051e+00   1.2303884e+00
   1.9254889e-01   1.3477051e+00   1.2303884e+00
   1.9287672e-01   1.3461139e+00   1.2284246e+00
   1.9287672e-01   1.3461139e+00   1.2284246e+00
   1.9320455e-01   1.3445226e+00   1.2264608e+00
   1.9353238e-01   1.3429311e+00   1.2244970e+00
   1.9418804e-01   1.3397476e+00   1.2205694e+00
   1.9453467e-01   1.3380644e+00   1.2184930e+00
   1.9453467e-01   1.3380644e+00   1.2184930e+00
   1.9584599e-01   1.3316951e+00   1.2106378e+00
   1.9715731e-01   1.3253233e+00   1.2027826e+00
   1.9883950e-01   1.3171460e+00   1.1927057e+00
   1.9883950e-01   1.3171460e+00   1.1927057e+00
   2.0057981e-01   1.3086821e+00   1.1822807e+00
   2.0057981e-01   1.3086821e+00   1.1822807e+00
   2.0232012e-01   1.3002143e+00   1.1718557e+00
   2.0406043e-01   1.2917424e+00   1.1614307e+00
   2.0493637e-01   1.2874768e+00   1.1561835e+00
   2.0493637e-01   1.2874768e+00   1.1561835e+00
   2.0676394e-01   1.2785740e+00   1.1452358e+00
   2.0676394e-01   1.2785740e+00   1.1452358e+00
   2.0859151e-01   1.2696670e+00   1.1342881e+00
   2.1041909e-01   1.2607559e+00   1.1233404e+00
   2.1117708e-01   1.2570589e+00   1.1187998e+00
   2.1117708e-01   1.2570589e+00   1.1187998e+00
   2.1309739e-01   1.2476896e+00   1.1072965e+00
   2.1309739e-01   1.2476896e+00   1.1072965e+00
   2.1501770e-01   1.2383155e+00   1.0957933e+00
   2.1693801e-01   1.2289363e+00   1.0842900e+00
   2.1757255e-01   1.2258360e+00   1.0804889e+00
   2.1757255e-01   1.2258360e+00   1.0804889e+00
   2.1959178e-01   1.2159666e+00   1.0683931e+00
   2.1959178e-01   1.2159666e+00   1.0683931e+00
   2.2161100e-01   1.2060918e+00   1.0562974e+00
   2.2363022e-01   1.1962117e+00   1.0442016e+00
   2.2413523e-01   1.1937399e+00   1.0411765e+00
   2.2413523e-01   1.1937399e+00   1.0411765e+00
   2.2626036e-01   1.1833346e+00   1.0284463e+00
   2.2626036e-01   1.1833346e+00   1.0284463e+00
   2.2838549e-01   1.1729237e+00   1.0157161e+00
   2.3051062e-01   1.1625074e+00   1.0029859e+00
   2.3087927e-01   1.1606999e+00   1.0007775e+00
   2.3087927e-01   1.1606999e+00   1.0007775e+00
   2.3311830e-01   1.1497185e+00   9.8736509e-01
   2.3311830e-01   1.1497185e+00   9.8736509e-01
   2.3535732e-01   1.1387312e+00   9.7395263e-01
   2.3759635e-01   1.1277383e+00   9.6054017e-01
   2.3782096e-01   1.1266353e+00   9.5919469e-01
   2.3782096e-01   1.1266353e+00   9.5919469e-01
   2.4018306e-01   1.1150314e+00   9.4504494e-01
   2.4018306e-01   1.1150314e+00   9.4504494e-01
   2.4254517e-01   1.1034215e+00   9.3089518e-01
   2.4490728e-01   1.0918057e+00   9.1674543e-01
   2.4497912e-01   1.0914524e+00   9.1631508e-01
   2.4497912e-01   1.0914524e+00   9.1631508e-01
   2.4747497e-01   1.0791724e+00   9.0136415e-01
   2.4747497e-01   1.0791724e+00   9.0136415e-01
   2.4997083e-01   1.0668855e+00   8.8641322e-01
   2.5246668e-01   1.0545914e+00   8.7146228e-01
   2.5745838e-01   1.0299818e+00   8.4156042e-01
   2.6495533e-01   9.9297045e-01   7.9665141e-01
   2.6495533e-01   9.9297045e-01   7.9665141e-01
   2.6799665e-01   9.7793928e-01   7.7843294e-01
   2.6799665e-01   9.7793928e-01   7.7843294e-01
   2.7103797e-01   9.6289893e-01   7.6021448e-01
   2.7407930e-01   9.4784966e-01   7.4199601e-01
   2.8016194e-01   9.1772532e-01   7.0555908e-01
   2.8495392e-01   8.9396978e-01   6.7685363e-01
   2.8495392e-01   8.9396978e-01   6.7685363e-01
   2.8836428e-01   8.7705148e-01   6.5642450e-01
   2.8836428e-01   8.7705148e-01   6.5642450e-01
   2.9177465e-01   8.6012283e-01   6.3599536e-01
   2.9518501e-01   8.4318340e-01   6.1556623e-01
   3.0200574e-01   8.0927350e-01   5.7470796e-01
   3.1564719e-01   7.4133835e-01   4.9299141e-01
   3.3681881e-01   6.3563503e-01   3.6616684e-01
   3.3681881e-01   6.3563503e-01   3.6616684e-01
   3.4219409e-01   6.0875256e-01   3.3396729e-01
   3.4219409e-01   6.0875256e-01   3.3396729e-01
   3.4266920e-01   6.0637566e-01   3.3112124e-01
   3.4266920e-01   6.0637566e-01   3.3112124e-01
   3.4267742e-01   6.0633454e-01   3.3107200e-01
   3.4267742e-01   6.0633454e-01   3.3107200e-01
   3.4277774e-01   6.0583261e-01   3.3047103e-01
   3.4287806e-01   6.0533068e-01   3.2987006e-01
   3.4307871e-01   6.0432680e-01   3.2866812e-01
   3.4348001e-01   6.0231895e-01   3.2626423e-01
   3.4428260e-01   5.9830296e-01   3.2145646e-01
   3.4588778e-01   5.9026973e-01   3.1184091e-01
   3.4909815e-01   5.7419845e-01   2.9260982e-01
   3.5551888e-01   5.4203736e-01   2.5414764e-01
   3.5903358e-01   5.2442249e-01   2.3309353e-01
   3.5903358e-01   5.2442249e-01   2.3309353e-01
   3.5932531e-01   5.2296009e-01   2.3134598e-01
   3.5932531e-01   5.2296009e-01   2.3134598e-01
   3.5961704e-01   5.2149765e-01   2.2959842e-01
   3.5990877e-01   5.2003517e-01   2.2785087e-01
   3.6049223e-01   5.1711006e-01   2.2435576e-01
   3.6165915e-01   5.1125930e-01   2.1736554e-01
   3.6399299e-01   4.9955564e-01   2.0338511e-01
   3.6866067e-01   4.7614001e-01   1.7542424e-01
   3.7799604e-01   4.2927766e-01   1.1950250e-01
   3.8838558e-01   3.7707952e-01   5.7265921e-02
   3.8838558e-01   3.7707952e-01   5.7265921e-02
   3.8856398e-01   3.7618294e-01   5.6197232e-02
   3.8856398e-01   3.7618294e-01   5.6197232e-02
   3.8874239e-01   3.7528658e-01   5.5128543e-02
   3.8892079e-01   3.7439043e-01   5.4059854e-02
   3.8927760e-01   3.7259878e-01   5.1922476e-02
   3.8999121e-01   3.6901806e-01   4.7647720e-02
   3.9141843e-01   3.6186716e-01   3.9098207e-02
   3.9179156e-01   3.6000000e-01   3.6863040e-02
   3.9179156e-01   3.6000000e-01   3.6863040e-02
   3.9248986e-01   3.5650817e-01   3.2680031e-02
   3.9248986e-01   3.5650817e-01   3.2680031e-02
   3.9318815e-01   3.5301943e-01   2.8497022e-02
   3.9388645e-01   3.4953385e-01   2.4314013e-02
   3.9528304e-01   3.4257233e-01   1.5947995e-02
   3.9781207e-01   3.3000000e-01   7.9832834e-04
   3.9781207e-01   3.3000000e-01   7.9832834e-04
   3.9793384e-01   3.2939578e-01   6.8871838e-05
   3.9793384e-01   3.2939578e-01   6.8871838e-05
   3.9794534e-01   3.2933873e-01   4.4620969e-17
   3.9794534e-01   3.2933873e-01  -2.1237230e-14
   3.9804566e-01   3.2884101e-01  -6.0043817e-04
   3.9814599e-01   3.2834336e-01  -1.1998133e-03
   3.9834664e-01   3.2734823e-01  -2.3953967e-03
   3.9847404e-01   3.2671648e-01  -3.1523923e-03
   3.9847404e-01   3.2671648e-01  -3.1523923e-03
   3.9887534e-01   3.2472731e-01  -5.5258037e-03
   3.9927664e-01   3.2273918e-01  -7.8829261e-03
   4.0007923e-01   3.1876603e-01  -1.2549615e-02
   4.0168441e-01   3.1083255e-01  -2.1701349e-02
   4.0388200e-01   3.0000000e-01  -3.3865386e-02
   4.0388200e-01   3.0000000e-01  -3.3865386e-02
   4.0450736e-01   2.9692359e-01  -3.7254699e-02
   4.0450736e-01   2.9692359e-01  -3.7254699e-02
   4.0510210e-01   2.9400000e-01  -4.0449957e-02
   4.0510210e-01   2.9400000e-01  -4.0449957e-02
   4.0569685e-01   2.9107867e-01  -4.3618432e-02
   4.0572010e-01   2.9096455e-01  -4.3741719e-02
   4.0572010e-01   2.9096455e-01  -4.3741719e-02
   4.0631484e-01   2.8804560e-01  -4.6883061e-02
   4.0632414e-01   2.8800000e-01  -4.6931955e-02
   4.0632414e-01   2.8800000e-01  -4.6931955e-02
   4.0691889e-01   2.8508343e-01  -5.0047434e-02
   4.0693476e-01   2.8500563e-01  -5.0130221e-02
   4.0693476e-01   2.8500563e-01  -5.0130221e-02
   4.0752951e-01   2.8209150e-01  -5.3220188e-02
   4.0754819e-01   2.8200000e-01  -5.3316856e-02
   4.0754819e-01   2.8200000e-01  -5.3316856e-02
   4.0814294e-01   2.7908836e-01  -5.6381810e-02
   4.0815142e-01   2.7904684e-01  -5.6425362e-02
   4.0815142e-01   2.7904684e-01  -5.6425362e-02
   4.0874617e-01   2.7613771e-01  -5.9466297e-02
   4.0877434e-01   2.7600000e-01  -5.9609731e-02
   4.0877434e-01   2.7600000e-01  -5.9609731e-02
   4.0936909e-01   2.7309350e-01  -6.2626440e-02
   4.0937017e-01   2.7308819e-01  -6.2631933e-02
   4.0937017e-01   2.7308819e-01  -6.2631933e-02
   4.0996492e-01   2.7018424e-01  -6.5625996e-02
   4.1000267e-01   2.7000000e-01  -6.5815296e-02
   4.1000267e-01   2.7000000e-01  -6.5815296e-02
   4.1059110e-01   2.6712944e-01  -6.8754394e-02
   4.1059110e-01   2.6712944e-01  -6.8754394e-02
   4.1117952e-01   2.6426103e-01  -7.1672341e-02
   4.1123309e-01   2.6400000e-01  -7.1936949e-02
   4.1123309e-01   2.6400000e-01  -7.1936949e-02
   4.1181409e-01   2.6117012e-01  -7.4795927e-02
   4.1181409e-01   2.6117012e-01  -7.4795927e-02
   4.1239510e-01   2.5834242e-01  -7.7635167e-02
   4.1246548e-01   2.5800000e-01  -7.7977809e-02
   4.1246548e-01   2.5800000e-01  -7.7977809e-02
   4.1303905e-01   2.5521093e-01  -8.0759456e-02
   4.1303905e-01   2.5521093e-01  -8.0759456e-02
   4.1361261e-01   2.5242407e-01  -8.3522668e-02
   4.1369993e-01   2.5200000e-01  -8.3941737e-02
   4.1369993e-01   2.5200000e-01  -8.3941737e-02
   4.1411189e-01   2.5000000e-01  -8.5913252e-02
   4.1411189e-01   2.5000000e-01  -8.5913252e-02
   4.1426605e-01   2.4925138e-01  -8.6648654e-02
   4.1426605e-01   2.4925138e-01  -8.6648654e-02
   4.1442021e-01   2.4850196e-01  -8.7382779e-02
   4.1457437e-01   2.4775175e-01  -8.8115633e-02
   4.1467552e-01   2.4725908e-01  -8.8595806e-02
   4.1467552e-01   2.4725908e-01  -8.8595806e-02
   4.1493373e-01   2.4600000e-01  -8.9819084e-02
   4.1493373e-01   2.4600000e-01  -8.9819084e-02
   4.1519194e-01   2.4473867e-01  -9.1038856e-02
   4.1545015e-01   2.4347499e-01  -9.2255150e-02
   4.1549241e-01   2.4326797e-01  -9.2453861e-02
   4.1549241e-01   2.4326797e-01  -9.2453861e-02
   4.1600883e-01   2.4073314e-01  -9.4875017e-02
   4.1615787e-01   2.4000000e-01  -9.5571233e-02
   4.1615787e-01   2.4000000e-01  -9.5571233e-02
   4.1667429e-01   2.3745373e-01  -9.7974973e-02
   4.1670916e-01   2.3728147e-01  -9.8136795e-02
   4.1670916e-01   2.3728147e-01  -9.8136795e-02
   4.1722558e-01   2.3472553e-01  -1.0052638e-01
   4.1737186e-01   2.3400000e-01  -1.0120086e-01
   4.1737186e-01   2.3400000e-01  -1.0120086e-01
   4.1788828e-01   2.3143267e-01  -1.0357375e-01
   4.1791582e-01   2.3129548e-01  -1.0369996e-01
   4.1791582e-01   2.3129548e-01  -1.0369996e-01
   4.1843224e-01   2.2871864e-01  -1.0605940e-01
   4.1857596e-01   2.2800000e-01  -1.0671378e-01
   4.1857596e-01   2.2800000e-01  -1.0671378e-01
   4.1909238e-01   2.2541183e-01  -1.0905719e-01
   4.1911266e-01   2.2531000e-01  -1.0914897e-01
   4.1911266e-01   2.2531000e-01  -1.0914897e-01
   4.1953565e-01   2.2318304e-01  -1.1105886e-01
   4.1953565e-01   2.2318304e-01  -1.1105886e-01
   4.1995865e-01   2.2105314e-01  -1.1296060e-01
   4.2017959e-01   2.1994063e-01  -1.1395071e-01
   4.2017959e-01   2.1994063e-01  -1.1395071e-01
   4.2060258e-01   2.1781067e-01  -1.1584023e-01
   4.2102558e-01   2.1568068e-01  -1.1772184e-01
   4.2187157e-01   2.1142057e-01  -1.2146172e-01
   4.2215367e-01   2.1000000e-01  -1.2270198e-01
   4.2215367e-01   2.1000000e-01  -1.2270198e-01
   4.2266696e-01   2.0741514e-01  -1.2495009e-01
   4.2266696e-01   2.0741514e-01  -1.2495009e-01
   4.2318025e-01   2.0483023e-01  -1.2718722e-01
   4.2369355e-01   2.0224527e-01  -1.2941352e-01
   4.2472013e-01   1.9707519e-01  -1.3383424e-01
   4.2677331e-01   1.8673445e-01  -1.4255216e-01
   4.2811036e-01   1.8000000e-01  -1.4814418e-01
   4.2811036e-01   1.8000000e-01  -1.4814418e-01
   4.2858350e-01   1.7761684e-01  -1.5010742e-01
   4.2858350e-01   1.7761684e-01  -1.5010742e-01
   4.2905664e-01   1.7523365e-01  -1.5206266e-01
   4.2952977e-01   1.7285042e-01  -1.5401001e-01
   4.3047605e-01   1.6808385e-01  -1.5788137e-01
   4.3236859e-01   1.5855028e-01  -1.6553319e-01
   4.3406585e-01   1.5000000e-01  -1.7229594e-01
   4.3406585e-01   1.5000000e-01  -1.7229594e-01
   4.3449886e-01   1.4781855e-01  -1.7400667e-01
   4.3449886e-01   1.4781855e-01  -1.7400667e-01
   4.3493187e-01   1.4563707e-01  -1.7571159e-01
   4.3536489e-01   1.4345557e-01  -1.7741073e-01
   4.3623091e-01   1.3909249e-01  -1.8079193e-01
   4.3796296e-01   1.3036603e-01  -1.8748747e-01
   4.4002033e-01   1.2000000e-01  -1.9532856e-01
   4.4002033e-01   1.2000000e-01  -1.9532856e-01
   4.4041325e-01   1.1802026e-01  -1.9681259e-01
   4.4041325e-01   1.1802026e-01  -1.9681259e-01
   4.4080616e-01   1.1604051e-01  -1.9829239e-01
   4.4119908e-01   1.1406073e-01  -1.9976800e-01
   4.4198490e-01   1.1010114e-01  -2.0270676e-01
   4.4355656e-01   1.0218176e-01  -2.0853538e-01
   4.4597402e-01   9.0000000e-02  -2.1737732e-01
   4.4597402e-01   9.0000000e-02  -2.1737732e-01
   4.4612077e-01   8.9260480e-02  -2.1790939e-01
   4.4612077e-01   8.9260480e-02  -2.1790939e-01
   4.4626753e-01   8.8520959e-02  -2.1844093e-01
   4.4632686e-01   8.8221989e-02  -2.1865567e-01
   4.4632686e-01   8.8221989e-02  -2.1865567e-01
   4.4647361e-01   8.7482465e-02  -2.1918647e-01
   4.4662036e-01   8.6742939e-02  -2.1971674e-01
   4.4691387e-01   8.5263882e-02  -2.2077572e-01
   4.4750089e-01   8.2305747e-02  -2.2288746e-01
   4.4867492e-01   7.6389398e-02  -2.2708632e-01
   4.4993314e-01   7.0048650e-02  -2.3155052e-01
   4.4993314e-01   7.0048650e-02  -2.3155052e-01
   4.5046089e-01   6.7389075e-02  -2.3341215e-01
   4.5046089e-01   6.7389075e-02  -2.3341215e-01
   4.5098864e-01   6.4729482e-02  -2.3525682e-01
   4.5151638e-01   6.2069872e-02  -2.3707371e-01
   4.5192710e-01   6.0000000e-02  -2.3846829e-01
   4.5192710e-01   6.0000000e-02  -2.3846829e-01
   4.5223984e-01   5.8423915e-02  -2.3951869e-01
   4.5223984e-01   5.8423915e-02  -2.3951869e-01
   4.5255258e-01   5.6847825e-02  -2.4055908e-01
   4.5286532e-01   5.5271729e-02  -2.4158941e-01
   4.5349080e-01   5.2119522e-02  -2.4361967e-01
   4.5474176e-01   4.5815053e-02  -2.4755708e-01
   4.5724368e-01   3.3205921e-02  -2.5492925e-01
   4.5787979e-01   3.0000000e-02  -2.5669501e-01
   4.5787979e-01   3.0000000e-02  -2.5669501e-01
   4.5815240e-01   2.8626117e-02  -2.5743810e-01
   4.5815240e-01   2.8626117e-02  -2.5743810e-01
   4.5842500e-01   2.7252232e-02  -2.5817301e-01
   4.5869760e-01   2.5878345e-02  -2.5889972e-01
   4.5924281e-01   2.3130566e-02  -2.6032851e-01
   4.6033322e-01   1.7634990e-02  -2.6308741e-01
   4.6251405e-01   6.6437832e-03  -2.6821063e-01
   4.6383228e-01   1.1294360e-14  -2.7105398e-01
   4.6383228e-01  -6.6130265e-15  -2.7105398e-01
   4.6406473e-01  -1.1711112e-03  -2.7153575e-01
   4.6406473e-01  -1.1711112e-03  -2.7153575e-01
   4.6429718e-01  -2.3413984e-03  -2.7201168e-01
   4.6452963e-01  -3.5108632e-03  -2.7248179e-01
   4.6499452e-01  -5.8473315e-03  -2.7340461e-01
   4.6592431e-01  -1.0510466e-02  -2.7518129e-01
   4.6778390e-01  -1.9797858e-02  -2.7846428e-01
   4.6983856e-01  -3.0000000e-02  -2.8168794e-01
   4.6983856e-01  -3.0000000e-02  -2.8168794e-01
   4.7003015e-01  -3.0948153e-02  -2.8196774e-01
   4.7003015e-01  -3.0948153e-02  -2.8196774e-01
   4.7022174e-01  -3.1895722e-02  -2.8224409e-01
   4.7041334e-01  -3.2842708e-02  -2.8251700e-01
   4.7079652e-01  -3.4734934e-02  -2.8305261e-01
   4.7156290e-01  -3.8512430e-02  -2.8408364e-01
   4.7309564e-01  -4.6039798e-02  -2.8599039e-01
   4.7595805e-01  -6.0000000e-02  -2.8903643e-01
   4.7595805e-01  -6.0000000e-02  -2.8903643e-01
   4.7610734e-01  -6.0724649e-02  -2.8917818e-01
   4.7610734e-01  -6.0724649e-02  -2.8917818e-01
   4.7625662e-01  -6.1448972e-02  -2.8931834e-01
   4.7640591e-01  -6.2172968e-02  -2.8945690e-01
   4.7670448e-01  -6.3619985e-02  -2.8972930e-01
   4.7730162e-01  -6.6510122e-02  -2.9025559e-01
   4.7849590e-01  -7.2274899e-02  -2.9123695e-01
   4.8088447e-01  -8.3743128e-02  -2.9293784e-01
   4.8217331e-01  -8.9897717e-02  -2.9372505e-01
   4.8217331e-01  -8.9897717e-02  -2.9372505e-01
   4.8219477e-01  -9.0000000e-02  -2.9373745e-01
   4.8219477e-01  -9.0000000e-02  -2.9373745e-01
   4.8229509e-01  -9.0478062e-02  -2.9379510e-01
   4.8230026e-01  -9.0502678e-02  -2.9379805e-01
   4.8230026e-01  -9.0502678e-02  -2.9379805e-01
   4.8240059e-01  -9.0980580e-02  -2.9385518e-01
   4.8250091e-01  -9.1458331e-02  -2.9391183e-01
   4.8270156e-01  -9.2413378e-02  -2.9402367e-01
   4.8310285e-01  -9.4321657e-02  -2.9424166e-01
   4.8390544e-01  -9.8130981e-02  -2.9465565e-01
   4.8551063e-01  -1.0572091e-01  -2.9540152e-01
   4.8855238e-01  -1.2000000e-01  -2.9655336e-01
   4.8855238e-01  -1.2000000e-01  -2.9655336e-01
   4.8861251e-01  -1.2028094e-01  -2.9657309e-01
   4.8861251e-01  -1.2028094e-01  -2.9657309e-01
   4.8871284e-01  -1.2074952e-01  -2.9660577e-01
   4.8881316e-01  -1.2121795e-01  -2.9663814e-01
   4.8901381e-01  -1.2215434e-01  -2.9670201e-01
   4.8941510e-01  -1.2402527e-01  -2.9682628e-01
   4.9021769e-01  -1.2775978e-01  -2.9706147e-01
   4.9182288e-01  -1.3519958e-01  -2.9748250e-01
   4.9503324e-01  -1.4996418e-01  -2.9815638e-01
   4.9504107e-01  -1.5000000e-01  -2.9815778e-01
   4.9504107e-01  -1.5000000e-01  -2.9815778e-01
   4.9505412e-01  -1.5005967e-01  -2.9816012e-01
   4.9505412e-01  -1.5005967e-01  -2.9816012e-01
   4.9515444e-01  -1.5051859e-01  -2.9817802e-01
   4.9525476e-01  -1.5097735e-01  -2.9819576e-01
   4.9545541e-01  -1.5189442e-01  -2.9823071e-01
   4.9585671e-01  -1.5372668e-01  -2.9829866e-01
   4.9665930e-01  -1.5738380e-01  -2.9842698e-01
   4.9826448e-01  -1.6466865e-01  -2.9865581e-01
   5.0147485e-01  -1.7912263e-01  -2.9901968e-01
   5.0163488e-01  -1.7983918e-01  -2.9903502e-01
   5.0163488e-01  -1.7983918e-01  -2.9903502e-01
   5.0167081e-01  -1.8000000e-01  -2.9903843e-01
   5.0167081e-01  -1.8000000e-01  -2.9903843e-01
   5.0177114e-01  -1.8044894e-01  -2.9904790e-01
   5.0187146e-01  -1.8089773e-01  -2.9905727e-01
   5.0207211e-01  -1.8179485e-01  -2.9907574e-01
   5.0247341e-01  -1.8358722e-01  -2.9911161e-01
   5.0327600e-01  -1.8716457e-01  -2.9917928e-01
   5.0488118e-01  -1.9428998e-01  -2.9929969e-01
   5.0809155e-01  -2.0842548e-01  -2.9949044e-01
   5.0836436e-01  -2.0961972e-01  -2.9950404e-01
   5.0836436e-01  -2.0961972e-01  -2.9950404e-01
   5.0845129e-01  -2.1000000e-01  -2.9950830e-01
   5.0845129e-01  -2.1000000e-01  -2.9950830e-01
   5.0855161e-01  -2.1043876e-01  -2.9951317e-01
   5.0865193e-01  -2.1087737e-01  -2.9951799e-01
   5.0885258e-01  -2.1175413e-01  -2.9952749e-01
   5.0925388e-01  -2.1350582e-01  -2.9954593e-01
   5.1005647e-01  -2.1700189e-01  -2.9958070e-01
   5.1125686e-01  -2.2221271e-01  -2.9962783e-01
   5.1125686e-01  -2.2221271e-01  -2.9962783e-01
   5.1149866e-01  -2.2325975e-01  -2.9963666e-01
   5.1149866e-01  -2.2325975e-01  -2.9963666e-01
   5.1174046e-01  -2.2430436e-01  -2.9964529e-01
   5.1198226e-01  -2.2534491e-01  -2.9965371e-01
   5.1246586e-01  -2.2741361e-01  -2.9966996e-01
   5.1248696e-01  -2.2750349e-01  -2.9967065e-01
   5.1248696e-01  -2.2750349e-01  -2.9967065e-01
   5.1260367e-01  -2.2800000e-01  -2.9967445e-01
   5.1260367e-01  -2.2800000e-01  -2.9967445e-01
   5.1272037e-01  -2.2849553e-01  -2.9967820e-01
   5.1283707e-01  -2.2899010e-01  -2.9968192e-01
   5.1307047e-01  -2.2997628e-01  -2.9968921e-01
   5.1353728e-01  -2.3193667e-01  -2.9970331e-01
   5.1390755e-01  -2.3348001e-01  -2.9971403e-01
   5.1390755e-01  -2.3348001e-01  -2.9971403e-01
   5.1403287e-01  -2.3400000e-01  -2.9971758e-01
   5.1403287e-01  -2.3400000e-01  -2.9971758e-01
   5.1415820e-01  -2.3451879e-01  -2.9972108e-01
   5.1428352e-01  -2.3503639e-01  -2.9972453e-01
   5.1453417e-01  -2.3606798e-01  -2.9973131e-01
   5.1503547e-01  -2.3811642e-01  -2.9974439e-01
   5.1536667e-01  -2.3945874e-01  -2.9975267e-01
   5.1536667e-01  -2.3945874e-01  -2.9975267e-01
   5.1550085e-01  -2.4000000e-01  -2.9975595e-01
   5.1550085e-01  -2.4000000e-01  -2.9975595e-01
   5.1563503e-01  -2.4053980e-01  -2.9975919e-01
   5.1576921e-01  -2.4107818e-01  -2.9976239e-01
   5.1603757e-01  -2.4215059e-01  -2.9976865e-01
   5.1657430e-01  -2.4427764e-01  -2.9978068e-01
   5.1687019e-01  -2.4543984e-01  -2.9978705e-01
   5.1687019e-01  -2.4543984e-01  -2.9978705e-01
   5.1701349e-01  -2.4600000e-01  -2.9979007e-01
   5.1701349e-01  -2.4600000e-01  -2.9979007e-01
   5.1715680e-01  -2.4655839e-01  -2.9979304e-01
   5.1730011e-01  -2.4711501e-01  -2.9979597e-01
   5.1758672e-01  -2.4822288e-01  -2.9980171e-01
   5.1815995e-01  -2.5041654e-01  -2.9981271e-01
   5.1842600e-01  -2.5142439e-01  -2.9981761e-01
   5.1842600e-01  -2.5142439e-01  -2.9981761e-01
   5.1857875e-01  -2.5200000e-01  -2.9982037e-01
   5.1857875e-01  -2.5200000e-01  -2.9982037e-01
   5.1873150e-01  -2.5257340e-01  -2.9982308e-01
   5.1888425e-01  -2.5314461e-01  -2.9982575e-01
   5.1918976e-01  -2.5428032e-01  -2.9983097e-01
   5.1980076e-01  -2.5652409e-01  -2.9984095e-01
   5.2004587e-01  -2.5741352e-01  -2.9984479e-01
   5.2004587e-01  -2.5741352e-01  -2.9984479e-01
   5.2020845e-01  -2.5800000e-01  -2.9984728e-01
   5.2020845e-01  -2.5800000e-01  -2.9984728e-01
   5.2037104e-01  -2.5858367e-01  -2.9984974e-01
   5.2053362e-01  -2.5916448e-01  -2.9985215e-01
   5.2085878e-01  -2.6031739e-01  -2.9985687e-01
   5.2150912e-01  -2.6258725e-01  -2.9986585e-01
   5.2174836e-01  -2.6340979e-01  -2.9986901e-01
   5.2174836e-01  -2.6340979e-01  -2.9986901e-01
   5.2192127e-01  -2.6400000e-01  -2.9987125e-01
   5.2192127e-01  -2.6400000e-01  -2.9987125e-01
   5.2209419e-01  -2.6458655e-01  -2.9987345e-01
   5.2226711e-01  -2.6516937e-01  -2.9987561e-01
   5.2261294e-01  -2.6632367e-01  -2.9987983e-01
   5.2330460e-01  -2.6858529e-01  -2.9988783e-01
   5.2356379e-01  -2.6941609e-01  -2.9989069e-01
   5.2356379e-01  -2.6941609e-01  -2.9989069e-01
   5.2374772e-01  -2.7000000e-01  -2.9989268e-01
   5.2374772e-01  -2.7000000e-01  -2.9989268e-01
   5.2393166e-01  -2.7057912e-01  -2.9989463e-01
   5.2411559e-01  -2.7115337e-01  -2.9989654e-01
   5.2448347e-01  -2.7228701e-01  -2.9990027e-01
   5.2521921e-01  -2.7449290e-01  -2.9990732e-01
   5.2554304e-01  -2.7543695e-01  -2.9991027e-01
   5.2554304e-01  -2.7543695e-01  -2.9991027e-01
   5.2573899e-01  -2.7600000e-01  -2.9991201e-01
   5.2573899e-01  -2.7600000e-01  -2.9991201e-01
   5.2593494e-01  -2.7655676e-01  -2.9991371e-01
   5.2613088e-01  -2.7710715e-01  -2.9991538e-01
   5.2652278e-01  -2.7818850e-01  -2.9991862e-01
   5.2730658e-01  -2.8027125e-01  -2.9992474e-01
   5.2778164e-01  -2.8148002e-01  -2.9992822e-01
   5.2778164e-01  -2.8148002e-01  -2.9992822e-01
   5.2799117e-01  -2.8200000e-01  -2.9992971e-01
   5.2799117e-01  -2.8200000e-01  -2.9992971e-01
   5.2820071e-01  -2.8251179e-01  -2.9993116e-01
   5.2841025e-01  -2.8301530e-01  -2.9993259e-01
   5.2882932e-01  -2.8399721e-01  -2.9993535e-01
   5.2966747e-01  -2.8585868e-01  -2.9994053e-01
   5.3049472e-01  -2.8755931e-01  -2.9994524e-01
   5.3049472e-01  -2.8755931e-01  -2.9994524e-01
   5.3072073e-01  -2.8800000e-01  -2.9994646e-01
   5.3072073e-01  -2.8800000e-01  -2.9994646e-01
   5.3094673e-01  -2.8843034e-01  -2.9994766e-01
   5.3117274e-01  -2.8885031e-01  -2.9994882e-01
   5.3162475e-01  -2.8965916e-01  -2.9995108e-01
   5.3252877e-01  -2.9115313e-01  -2.9995530e-01
   5.3433681e-01  -2.9365975e-01  -2.9996268e-01
   5.3437325e-01  -2.9370393e-01  -2.9996281e-01
   5.3437325e-01  -2.9370393e-01  -2.9996281e-01
   5.3462278e-01  -2.9400000e-01  -2.9996373e-01
   5.3462278e-01  -2.9400000e-01  -2.9996373e-01
   5.3487230e-01  -2.9428491e-01  -2.9996462e-01
   5.3512183e-01  -2.9455889e-01  -2.9996549e-01
   5.3562087e-01  -2.9507495e-01  -2.9996717e-01
   5.3661897e-01  -2.9598619e-01  -2.9997028e-01
   5.3861517e-01  -2.9738325e-01  -2.9997565e-01
   5.4260757e-01  -2.9894636e-01  -2.9998365e-01
   5.5059236e-01  -2.9982886e-01  -2.9999263e-01
   5.6401213e-01  -2.9970834e-01  -2.9999805e-01
   5.7110341e-01  -2.9994492e-01  -2.9999904e-01
   5.7819470e-01  -2.9998949e-01  -2.9999953e-01
   5.7872876e-01  -2.9999984e-01  -2.9999955e-01
   5.7872876e-01  -2.9999984e-01  -2.9999955e-01
   5.7937218e-01  -3.0000000e-01  -2.9999958e-01
   5.7937218e-01  -3.0000000e-01  -2.9999958e-01
   5.8001559e-01  -3.0000000e-01  -2.9999961e-01
   5.8065901e-01  -3.0000000e-01  -2.9999963e-01
   5.8194584e-01  -3.0000000e-01  -2.9999968e-01
   5.8451951e-01  -3.0000000e-01  -2.9999975e-01
   5.8966684e-01  -3.0000000e-01  -2.9999985e-01
   5.9996150e-01  -3.0000000e-01  -2.9999995e-01
   6.0006791e-01  -3.0000000e-01  -2.9999995e-01
   6.0006791e-01  -3.0000000e-01  -2.9999995e-01
   6.0883985e-01  -3.0000000e-01  -2.9966941e-01
   6.0883985e-01  -3.0000000e-01  -2.9966941e-01
   6.1761179e-01  -3.0000000e-01  -2.9814000e-01
   6.2638373e-01  -3.0000000e-01  -2.9645669e-01
   6.4392761e-01  -3.0000000e-01  -2.9296561e-01
   6.7901537e-01  -3.0000000e-01  -2.8597257e-01
   7.4919089e-01  -3.0000000e-01  -2.7236496e-01
   8.4460886e-01  -3.0000000e-01  -2.5469427e-01
   8.4460886e-01  -3.0000000e-01  -2.5469427e-01
   8.5325116e-01  -3.0000000e-01  -2.5307569e-01
   8.5325116e-01  -3.0000000e-01  -2.5307569e-01
   8.6189345e-01  -3.0000000e-01  -2.5223504e-01
   8.7053574e-01  -3.0000000e-01  -2.5162671e-01
   8.7546455e-01  -3.0000000e-01  -2.5135766e-01
   8.7546455e-01  -3.0000000e-01  -2.5135766e-01
   8.8517499e-01  -3.0000000e-01  -2.5083507e-01
   8.8517499e-01  -3.0000000e-01  -2.5083507e-01
   8.8631302e-01  -3.0000000e-01  -2.5076876e-01
   8.8631302e-01  -3.0000000e-01  -2.5076876e-01
   8.8745106e-01  -2.9996458e-01  -2.5070141e-01
   8.8858910e-01  -2.9987991e-01  -2.5063303e-01
   8.9086517e-01  -2.9960331e-01  -2.5049323e-01
   8.9541732e-01  -2.9882913e-01  -2.5020161e-01
   8.9885243e-01  -2.9816797e-01  -2.4997119e-01
   8.9885243e-01  -2.9816797e-01  -2.4997119e-01
   9.0741126e-01  -2.9642748e-01  -2.4935966e-01
   9.0741126e-01  -2.9642748e-01  -2.4935966e-01
   9.0741126e-01  -2.9642748e-01  -2.4935966e-01
   9.1316764e-01  -2.9524520e-01  -2.4891951e-01
   9.1316764e-01  -2.9524520e-01  -2.4891951e-01
   9.1892403e-01  -2.9406348e-01  -2.4845720e-01
   9.1923364e-01  -2.9400000e-01  -2.4843172e-01
   9.1923364e-01  -2.9400000e-01  -2.4843172e-01
   9.2499002e-01  -2.9282146e-01  -2.4794699e-01
   9.2572738e-01  -2.9267076e-01  -2.4788340e-01
   9.2572738e-01  -2.9267076e-01  -2.4788340e-01
   9.3148376e-01  -2.9149644e-01  -2.4737570e-01
   9.3171866e-01  -2.9144860e-01  -2.4735457e-01
   9.3171866e-01  -2.9144860e-01  -2.4735457e-01
   9.3747505e-01  -2.9027841e-01  -2.4682661e-01
   9.4052313e-01  -2.8966041e-01  -2.4653944e-01
   9.4052313e-01  -2.8966041e-01  -2.4653944e-01
   9.4627951e-01  -2.8849452e-01  -2.4598326e-01
   9.4872334e-01  -2.8800000e-01  -2.4574181e-01
   9.4872334e-01  -2.8800000e-01  -2.4574181e-01
   9.5308406e-01  -2.8712009e-01  -2.4530332e-01
   9.5308406e-01  -2.8712009e-01  -2.4530332e-01
   9.5744478e-01  -2.8624385e-01  -2.4485531e-01
   9.6123570e-01  -2.8548462e-01  -2.4445833e-01
   9.6123570e-01  -2.8548462e-01  -2.4445833e-01
   9.6559642e-01  -2.8461387e-01  -2.4399333e-01
   9.6841255e-01  -2.8405293e-01  -2.4368842e-01
   9.6841255e-01  -2.8405293e-01  -2.4368842e-01
   9.7277327e-01  -2.8318637e-01  -2.4320934e-01
   9.7713399e-01  -2.8232223e-01  -2.4272208e-01
   9.7876316e-01  -2.8200000e-01  -2.4253800e-01
   9.7876316e-01  -2.8200000e-01  -2.4253800e-01
   9.8097449e-01  -2.8156315e-01  -2.4228641e-01
   9.8097449e-01  -2.8156315e-01  -2.4228641e-01
   9.8318581e-01  -2.8112690e-01  -2.4203285e-01
   9.8539713e-01  -2.8069125e-01  -2.4177735e-01
   9.8981978e-01  -2.7982172e-01  -2.4126070e-01
   9.9126460e-01  -2.7953818e-01  -2.4109032e-01
   9.9126460e-01  -2.7953818e-01  -2.4109032e-01
   9.9685805e-01  -2.7844283e-01  -2.4042351e-01
   9.9685805e-01  -2.7844283e-01  -2.4042351e-01
   1.0024515e+00  -2.7735123e-01  -2.3974566e-01
   1.0080450e+00  -2.7626337e-01  -2.3905730e-01
   1.0094020e+00  -2.7600000e-01  -2.3888876e-01
   1.0094020e+00  -2.7600000e-01  -2.3888876e-01
   1.0094212e+00  -2.7599627e-01  -2.3888637e-01
   1.0094212e+00  -2.7599627e-01  -2.3888637e-01
   1.0094405e+00  -2.7599254e-01  -2.3888398e-01
   1.0094597e+00  -2.7598881e-01  -2.3888158e-01
   1.0094981e+00  -2.7598135e-01  -2.3887680e-01
   1.0095751e+00  -2.7596643e-01  -2.3886723e-01
   1.0097289e+00  -2.7593659e-01  -2.3884808e-01
   1.0100365e+00  -2.7587693e-01  -2.3880976e-01
   1.0106518e+00  -2.7575764e-01  -2.3873303e-01
   1.0118824e+00  -2.7551919e-01  -2.3857921e-01
   1.0143436e+00  -2.7504282e-01  -2.3827018e-01
   1.0192659e+00  -2.7409224e-01  -2.3764664e-01
   1.0218919e+00  -2.7358630e-01  -2.3731110e-01
   1.0218919e+00  -2.7358630e-01  -2.3731110e-01
   1.0258833e+00  -2.7281885e-01  -2.3679737e-01
   1.0258833e+00  -2.7281885e-01  -2.3679737e-01
   1.0298746e+00  -2.7205327e-01  -2.3627929e-01
   1.0338660e+00  -2.7128957e-01  -2.3575701e-01
   1.0384480e+00  -2.7041518e-01  -2.3515250e-01
   1.0384480e+00  -2.7041518e-01  -2.3515250e-01
   1.0406281e+00  -2.7000000e-01  -2.3486306e-01
   1.0406281e+00  -2.7000000e-01  -2.3486306e-01
   1.0428082e+00  -2.6958538e-01  -2.3457250e-01
   1.0449883e+00  -2.6917132e-01  -2.3428083e-01
   1.0493485e+00  -2.6834485e-01  -2.3369426e-01
   1.0531065e+00  -2.6763432e-01  -2.3318538e-01
   1.0531065e+00  -2.6763432e-01  -2.3318538e-01
   1.0555139e+00  -2.6718002e-01  -2.3285782e-01
   1.0555139e+00  -2.6718002e-01  -2.3285782e-01
   1.0579213e+00  -2.6672639e-01  -2.3252907e-01
   1.0603286e+00  -2.6627343e-01  -2.3219917e-01
   1.0651434e+00  -2.6536953e-01  -2.3153599e-01
   1.0680804e+00  -2.6481946e-01  -2.3112931e-01
   1.0680804e+00  -2.6481946e-01  -2.3112931e-01
   1.0724658e+00  -2.6400000e-01  -2.3051923e-01
   1.0724658e+00  -2.6400000e-01  -2.3051923e-01
   1.0768511e+00  -2.6318275e-01  -2.2990584e-01
   1.0812365e+00  -2.6236772e-01  -2.2928930e-01
   1.0849330e+00  -2.6168243e-01  -2.2876727e-01
   1.0849330e+00  -2.6168243e-01  -2.2876727e-01
   1.0857775e+00  -2.6152610e-01  -2.2864773e-01
   1.0857775e+00  -2.6152610e-01  -2.2864773e-01
   1.0866219e+00  -2.6136985e-01  -2.2852809e-01
   1.0874663e+00  -2.6121368e-01  -2.2840834e-01
   1.0891552e+00  -2.6090160e-01  -2.2816852e-01
   1.0925329e+00  -2.6027840e-01  -2.2768769e-01
   1.0983461e+00  -2.5920893e-01  -2.2685656e-01
   1.0983461e+00  -2.5920893e-01  -2.2685656e-01
   1.1049426e+00  -2.5800000e-01  -2.2590824e-01
   1.1049426e+00  -2.5800000e-01  -2.2590824e-01
   1.1115391e+00  -2.5679602e-01  -2.2495482e-01
   1.1167034e+00  -2.5585688e-01  -2.2420512e-01
   1.1167034e+00  -2.5585688e-01  -2.2420512e-01
   1.1173989e+00  -2.5573064e-01  -2.2410394e-01
   1.1173989e+00  -2.5573064e-01  -2.2410394e-01
   1.1180944e+00  -2.5560448e-01  -2.2400272e-01
   1.1187899e+00  -2.5547840e-01  -2.2390145e-01
   1.1201809e+00  -2.5522647e-01  -2.2369877e-01
   1.1229629e+00  -2.5472350e-01  -2.2329286e-01
   1.1285269e+00  -2.5372095e-01  -2.2247895e-01
   1.1292745e+00  -2.5358658e-01  -2.2236938e-01
   1.1292745e+00  -2.5358658e-01  -2.2236938e-01
   1.1306715e+00  -2.5333570e-01  -2.2216453e-01
   1.1306715e+00  -2.5333570e-01  -2.2216453e-01
   1.1320684e+00  -2.5309436e-01  -2.2195951e-01
   1.1334654e+00  -2.5287085e-01  -2.2175434e-01
   1.1362593e+00  -2.5247201e-01  -2.2134355e-01
   1.1402309e+00  -2.5200000e-01  -2.2075859e-01
   1.1402309e+00  -2.5200000e-01  -2.2075859e-01
   1.1432240e+00  -2.5170560e-01  -2.2031702e-01
   1.1432240e+00  -2.5170560e-01  -2.2031702e-01
   1.1462171e+00  -2.5145489e-01  -2.1987487e-01
   1.1492102e+00  -2.5124128e-01  -2.1943214e-01
   1.1526214e+00  -2.5103601e-01  -2.1892691e-01
   1.1526214e+00  -2.5103601e-01  -2.1892691e-01
   1.1534202e+00  -2.5099309e-01  -2.1880851e-01
   1.1534202e+00  -2.5099309e-01  -2.1880851e-01
   1.1542190e+00  -2.5095070e-01  -2.1869007e-01
   1.1550178e+00  -2.5090754e-01  -2.1857160e-01
   1.1566153e+00  -2.5081894e-01  -2.1833456e-01
   1.1598105e+00  -2.5063275e-01  -2.1786008e-01
   1.1658409e+00  -2.5024973e-01  -2.1696325e-01
   1.1658409e+00  -2.5024973e-01  -2.1696325e-01
   1.1722312e+00  -2.4980075e-01  -2.1601122e-01
   1.1786215e+00  -2.4930982e-01  -2.1505772e-01
   1.1802550e+00  -2.4917788e-01  -2.1481378e-01
   1.1802550e+00  -2.4917788e-01  -2.1481378e-01
   1.1928308e+00  -2.4807862e-01  -2.1293345e-01
   1.1928308e+00  -2.4807862e-01  -2.1293345e-01
   1.2054066e+00  -2.4684294e-01  -2.1105027e-01
   1.2179825e+00  -2.4548603e-01  -2.0916579e-01
   1.2431342e+00  -2.4246262e-01  -2.0539846e-01
   1.2617861e+00  -2.4000000e-01  -2.0261083e-01
   1.2617861e+00  -2.4000000e-01  -2.0261083e-01
   1.2739983e+00  -2.3830480e-01  -2.0079040e-01
   1.2739983e+00  -2.3830480e-01  -2.0079040e-01
   1.2862105e+00  -2.3655441e-01  -1.9897475e-01
   1.2984227e+00  -2.3475633e-01  -1.9716466e-01
   1.3228471e+00  -2.3104328e-01  -1.9356398e-01
   1.3474693e+00  -2.2718080e-01  -1.8996457e-01
   1.3474693e+00  -2.2718080e-01  -1.8996457e-01
   1.3600814e+00  -2.2516877e-01  -1.8813410e-01
   1.3600814e+00  -2.2516877e-01  -1.8813410e-01
   1.3726936e+00  -2.2314000e-01  -1.8631324e-01
   1.3853057e+00  -2.2109851e-01  -1.8450246e-01
   1.4105300e+00  -2.1699136e-01  -1.8091265e-01
   1.4166021e+00  -2.1600000e-01  -1.8005506e-01
   1.4166021e+00  -2.1600000e-01  -1.8005506e-01
   1.4286640e+00  -2.1402900e-01  -1.7835929e-01
   1.4286640e+00  -2.1402900e-01  -1.7835929e-01
   1.4407260e+00  -2.1205702e-01  -1.7667408e-01
   1.4527879e+00  -2.1008617e-01  -1.7499965e-01
   1.4533156e+00  -2.1000000e-01  -1.7492664e-01
   1.4533156e+00  -2.1000000e-01  -1.7492664e-01
   1.4653619e+00  -2.0803483e-01  -1.7326581e-01
   1.4653619e+00  -2.0803483e-01  -1.7326581e-01
   1.4774083e+00  -2.0607436e-01  -1.7161610e-01
   1.4894546e+00  -2.0412007e-01  -1.6997765e-01
   1.5135473e+00  -2.0023515e-01  -1.6673507e-01
   1.5362536e+00  -1.9660916e-01  -1.6372158e-01
   1.5362536e+00  -1.9660916e-01  -1.6372158e-01
   1.5489520e+00  -1.9459862e-01  -1.6205450e-01
   1.5489520e+00  -1.9459862e-01  -1.6205450e-01
   1.5616503e+00  -1.9260159e-01  -1.6040056e-01
   1.5743487e+00  -1.9061881e-01  -1.5875983e-01
   1.5997454e+00  -1.8669851e-01  -1.5551818e-01
   1.6441434e+00  -1.8000000e-01  -1.4997917e-01
   1.6441434e+00  -1.8000000e-01  -1.4997917e-01
   1.6562011e+00  -1.7821572e-01  -1.4850302e-01
   1.6562011e+00  -1.7821572e-01  -1.4850302e-01
   1.6682589e+00  -1.7644580e-01  -1.4703887e-01
   1.6803166e+00  -1.7469056e-01  -1.4558673e-01
   1.7044320e+00  -1.7122511e-01  -1.4271832e-01
   1.7526629e+00  -1.6447912e-01  -1.3712423e-01
   1.7588416e+00  -1.6363300e-01  -1.3642125e-01
   1.7588416e+00  -1.6363300e-01  -1.3642125e-01
   1.7716681e+00  -1.6188972e-01  -1.3497175e-01
   1.7716681e+00  -1.6188972e-01  -1.3497175e-01
   1.7844945e+00  -1.6016426e-01  -1.3353548e-01
   1.7973210e+00  -1.5845662e-01  -1.3211237e-01
   1.8229739e+00  -1.5509470e-01  -1.2930539e-01
   1.8629215e+00  -1.5000000e-01  -1.2503735e-01
   1.8629215e+00  -1.5000000e-01  -1.2503735e-01
   1.8750986e+00  -1.4848070e-01  -1.2376102e-01
   1.8750986e+00  -1.4848070e-01  -1.2376102e-01
   1.8872758e+00  -1.4697698e-01  -1.2249610e-01
   1.8994529e+00  -1.4548874e-01  -1.2124254e-01
   1.9117618e+00  -1.4400000e-01  -1.1998688e-01
   1.9117618e+00  -1.4400000e-01  -1.1998688e-01
   1.9239723e+00  -1.4253808e-01  -1.1875259e-01
   1.9239723e+00  -1.4253808e-01  -1.1875259e-01
   1.9361828e+00  -1.4109049e-01  -1.1752950e-01
   1.9483933e+00  -1.3965724e-01  -1.1631756e-01
   1.9728142e+00  -1.3683367e-01  -1.1392679e-01
   2.0216561e+00  -1.3135683e-01  -1.0927575e-01
   2.0322900e+00  -1.3019417e-01  -1.0828583e-01
   2.0322900e+00  -1.3019417e-01  -1.0828583e-01
   2.0452780e+00  -1.2878837e-01  -1.0708764e-01
   2.0452780e+00  -1.2878837e-01  -1.0708764e-01
   2.0582660e+00  -1.2739814e-01  -1.0590130e-01
   2.0712539e+00  -1.2602335e-01  -1.0472674e-01
   2.0972299e+00  -1.2331952e-01  -1.0241257e-01
   2.1299402e+00  -1.2000000e-01  -9.9563806e-02
   2.1299402e+00  -1.2000000e-01  -9.9563806e-02
   2.1423085e+00  -1.1876916e-01  -9.8505348e-02
   2.1423085e+00  -1.1876916e-01  -9.8505348e-02
   2.1546769e+00  -1.1755146e-01  -9.7457037e-02
   2.1670453e+00  -1.1634678e-01  -9.6418797e-02
   2.1917820e+00  -1.1397593e-01  -9.4372216e-02
   2.2412556e+00  -1.0938446e-01  -9.0396494e-02
   2.2566003e+00  -1.0800000e-01  -8.9194595e-02
   2.2566003e+00  -1.0800000e-01  -8.9194595e-02
   2.2690607e+00  -1.0688898e-01  -8.8229305e-02
   2.2690607e+00  -1.0688898e-01  -8.8229305e-02
   2.2815212e+00  -1.0578938e-01  -8.7273512e-02
   2.2939816e+00  -1.0470114e-01  -8.6327143e-02
   2.3189025e+00  -1.0255853e-01  -8.4462362e-02
   2.3687443e+00  -9.8406660e-02  -8.0842499e-02
   2.3871836e+00  -9.6914828e-02  -7.9539602e-02
   2.3871836e+00  -9.6914828e-02  -7.9539602e-02
   2.4003667e+00  -9.5862618e-02  -7.8619908e-02
   2.4003667e+00  -9.5862618e-02  -7.8619908e-02
   2.4135498e+00  -9.4822257e-02  -7.7709953e-02
   2.4267328e+00  -9.3793615e-02  -7.6809649e-02
   2.4530990e+00  -9.1770996e-02  -7.5037652e-02
   2.4766869e+00  -9.0000000e-02  -7.3484234e-02
   2.4766869e+00  -9.0000000e-02  -7.3484234e-02
   2.4893014e+00  -8.9067556e-02  -7.2665659e-02
   2.4893014e+00  -8.9067556e-02  -7.2665659e-02
   2.5019159e+00  -8.8145187e-02  -7.1855470e-02
   2.5145304e+00  -8.7232783e-02  -7.1053594e-02
   2.5397594e+00  -8.5437430e-02  -6.9474489e-02
   2.5902175e+00  -8.1961500e-02  -6.6412846e-02
   2.6911335e+00  -7.5445085e-02  -6.0660028e-02
   2.7481818e+00  -7.2000000e-02  -5.7615862e-02
   2.7481818e+00  -7.2000000e-02  -5.7615862e-02
   2.7609734e+00  -7.1250949e-02  -5.6953039e-02
   2.7609734e+00  -7.1250949e-02  -5.6953039e-02
   2.7737651e+00  -7.0509659e-02  -5.6297305e-02
   2.7865567e+00  -6.9776119e-02  -5.5648599e-02
   2.8121400e+00  -6.8332099e-02  -5.4372007e-02
   2.8633065e+00  -6.5534713e-02  -5.1900273e-02
   2.8915756e+00  -6.4039792e-02  -5.0580032e-02
   2.8915756e+00  -6.4039792e-02  -5.0580032e-02
   2.9050026e+00  -6.3342416e-02  -4.9964010e-02
   2.9050026e+00  -6.3342416e-02  -4.9964010e-02
   2.9184295e+00  -6.2653542e-02  -4.9355006e-02
   2.9318565e+00  -6.1972933e-02  -4.8752951e-02
   2.9587104e+00  -6.0635827e-02  -4.7569402e-02
   2.9717059e+00  -6.0000000e-02  -4.7006355e-02
   2.9717059e+00  -6.0000000e-02  -4.7006355e-02
   2.9846273e+00  -5.9374589e-02  -4.6452717e-02
   2.9846273e+00  -5.9374589e-02  -4.6452717e-02
   2.9975486e+00  -5.8755580e-02  -4.5905198e-02
   3.0104700e+00  -5.8142953e-02  -4.5363735e-02
   3.0363127e+00  -5.6936730e-02  -4.4298744e-02
   3.0879982e+00  -5.4599310e-02  -4.2238847e-02
   3.1913691e+00  -5.0213222e-02  -3.8386612e-02
   3.3981109e+00  -4.2494108e-02  -3.1656136e-02
   3.5966440e+00  -3.6000000e-02  -2.6261656e-02
   3.5966440e+00  -3.6000000e-02  -2.6261656e-02
   3.6128238e+00  -3.5621249e-02  -2.5862865e-02
   3.6128238e+00  -3.5621249e-02  -2.5862865e-02
   3.6290036e+00  -3.5186254e-02  -2.5469866e-02
   3.6451834e+00  -3.4752089e-02  -2.5082588e-02
   3.6775431e+00  -3.3889806e-02  -2.4324886e-02
   3.7422623e+00  -3.2205323e-02  -2.2874795e-02
   3.7617626e+00  -3.1711052e-02  -2.2454394e-02
   3.7617626e+00  -3.1711052e-02  -2.2454394e-02
   3.7755515e+00  -3.1365442e-02  -2.2161615e-02
   3.7755515e+00  -3.1365442e-02  -2.2161615e-02
   3.7893403e+00  -3.1023117e-02  -2.1872506e-02
   3.8031291e+00  -3.0684227e-02  -2.1587025e-02
   3.8307068e+00  -3.0016854e-02  -2.1026776e-02
   3.8314108e+00  -3.0000000e-02  -2.1012659e-02
   3.8314108e+00  -3.0000000e-02  -2.1012659e-02
   3.8447997e+00  -2.9681192e-02  -2.0745903e-02
   3.8447997e+00  -2.9681192e-02  -2.0745903e-02
   3.8581886e+00  -2.9365672e-02  -2.0482408e-02
   3.8715776e+00  -2.9053432e-02  -2.0222137e-02
   3.8983555e+00  -2.8438742e-02  -1.9711122e-02
   3.9519112e+00  -2.7247974e-02  -1.8726184e-02
   4.0590227e+00  -2.5014964e-02  -1.6896899e-02
   4.2732457e+00  -2.1090202e-02  -1.3743074e-02
   4.7016916e+00  -1.5163397e-02  -9.0600226e-03
   4.8612816e+00  -1.3259959e-02  -7.7500936e-03
   5.0208715e+00  -1.1663770e-02  -6.6265984e-03
   5.4281205e+00  -9.0567394e-03  -4.4359497e-03
   5.5558311e+00  -7.7429536e-03  -3.9097331e-03
   5.6835418e+00  -6.9245695e-03  -3.4453655e-03
   6.0064782e+00  -5.6895078e-03  -2.5009599e-03
   6.1694425e+00  -4.8112511e-03  -2.1270242e-03
   6.3324067e+00  -4.1738217e-03  -1.8087073e-03
   6.6353996e+00  -3.6915251e-03  -1.3375630e-03
   6.7945866e+00  -3.0035456e-03  -1.1412852e-03
   6.9537735e+00  -2.5769529e-03  -9.7372462e-04
   7.2361607e+00  -2.3672240e-03  -7.3456684e-04
   7.4096443e+00  -1.9279924e-03  -6.1771986e-04
   7.5831280e+00  -1.6191058e-03  -5.1942922e-04
   7.8412431e+00  -1.6434746e-03  -4.0133336e-04
   8.0161410e+00  -1.2896345e-03  -3.3695998e-04
   8.1910390e+00  -1.0528486e-03  -2.8290258e-04
   8.4287363e+00  -1.0970856e-03  -2.2305325e-04
   8.6134994e+00  -8.9599202e-04  -1.8541980e-04
   8.7982625e+00  -7.3763164e-04  -1.5413265e-04
   9.0181982e+00  -7.8831972e-04  -1.2369280e-04
   9.2437258e+00  -1.1483461e-03  -9.8708786e-05
   9.3904879e+00  -5.4043226e-04  -8.5228679e-05
   9.5372500e+00  -3.7205214e-04  -7.3589025e-05
   9.7557425e+00  -3.5355838e-04  -5.9138056e-05
   1.0029556e+01  -8.3530815e-04  -4.4965115e-05
   1.0149004e+01  -3.1101837e-04  -3.9899324e-05
   1.0268452e+01  -2.0598820e-04  -3.5404179e-05
   1.0501125e+01  -2.0795724e-04  -2.8050120e-05
   1.0717219e+01  -2.2448260e-04  -2.2595287e-05
   1.0933314e+01  -2.7957391e-04  -1.8201176e-05
   1.1138302e+01  -3.1744616e-04  -1.4825420e-05
   1.1311115e+01  -1.8888232e-04  -1.2470905e-05
   1.1470247e+01  -1.0651529e-04  -1.0634933e-05
   1.1654850e+01  -8.6080599e-05  -8.8409759e-06
   1.1881310e+01  -1.0759088e-04  -7.0481134e-06
   1.2060642e+01  -7.7690593e-05  -5.8901780e-06
   1.2239974e+01  -5.8323683e-05  -4.9224768e-06
   1.2454338e+01  -6.4858141e-05  -3.9720307e-06
   1.2681610e+01  -1.0492879e-04  -3.1639604e-06
   1.2831463e+01  -4.4104569e-05  -2.7233200e-06
   1.2981316e+01  -2.7069646e-05  -2.3440465e-06
   1.3201397e+01  -2.8177029e-05  -1.8806557e-06
   1.3417254e+01  -3.2435256e-05  -1.5152645e-06
   1.3633111e+01  -4.2763209e-05  -1.2208646e-06
   1.3830796e+01  -4.1710905e-05  -1.0017159e-06
   1.3998042e+01  -2.2108000e-05  -8.4732892e-07
   1.4160406e+01  -1.3018362e-05  -7.2024647e-07
   1.4355029e+01  -1.1482649e-05  -5.9277383e-07
   1.4587086e+01  -1.7144617e-05  -4.6992292e-07
   1.4753190e+01  -9.7237014e-06  -3.9795168e-07
   1.4919293e+01  -6.4882136e-06  -3.3700321e-07
   1.5140956e+01  -7.4428687e-06  -2.6995362e-07
   1.5341456e+01  -7.2375825e-06  -2.2087298e-07
   1.5541957e+01  -7.1664781e-06  -1.8071575e-07
   1.5746090e+01  -7.7596793e-06  -1.4732294e-07
   1.5936732e+01  -6.4909137e-06  -1.2173302e-07
   1.6111877e+01  -4.0931739e-06  -1.0216030e-07
   1.6289724e+01  -2.8680318e-06  -8.5503101e-08
   1.6489449e+01  -2.7357052e-06  -7.0011911e-08
   1.6705735e+01  -3.5471118e-06  -5.6385085e-08
   1.6907174e+01  -3.7239895e-06  -4.6090297e-08
   1.7076849e+01  -2.0538836e-06  -3.8892055e-08
   1.7237098e+01  -1.1674741e-06  -3.3129047e-08
   1.7426595e+01  -9.8111166e-07  -2.7405951e-08
   1.7656359e+01  -1.3503718e-06  -2.1776045e-08
   1.7828773e+01  -8.6158308e-07  -1.8324813e-08
   1.8001188e+01  -6.0451788e-07  -1.5420558e-08
   1.8219712e+01  -6.8952945e-07  -1.2391373e-08
   1.8460317e+01  -1.4377404e-06  -9.7396024e-09
   1.8599200e+01  -4.9818410e-07  -8.4757203e-09
   1.8738082e+01  -2.8919774e-07  -7.3758489e-09
   1.8963726e+01  -3.0970481e-07  -5.8848632e-09
   1.9182429e+01  -3.7407170e-07  -4.7280061e-09
   1.9401132e+01  -5.3238518e-07  -3.7985661e-09
   1.9600939e+01  -5.4785429e-07  -3.1100978e-09
   1.9766580e+01  -2.6954732e-07  -2.6349886e-09
   1.9925043e+01  -1.4570377e-07  -2.2485551e-09
   2.0117680e+01  -1.2610571e-07  -1.8542761e-09
   2.0352661e+01  -2.0002197e-07  -1.4656867e-09
   2.0519004e+01  -1.1114216e-07  -1.2409104e-09
   2.0685348e+01  -7.2614294e-08  -1.0506056e-09
   2.0908855e+01  -8.7708863e-08  -8.4002693e-10
   2.1107973e+01  -8.4368525e-08  -6.8825193e-10
   2.1307090e+01  -8.2179217e-08  -5.6389945e-10
   2.1512777e+01  -9.2641956e-08  -4.5898737e-10
   2.1706407e+01  -8.2526583e-08  -3.7812901e-10
   2.1882179e+01  -5.1064447e-08  -3.1713309e-10
   2.2056985e+01  -3.3269612e-08  -2.6623337e-10
   2.2253037e+01  -3.0312839e-08  -2.1880110e-10
   2.2470062e+01  -4.0190854e-08  -1.7608416e-10
   2.2676859e+01  -4.7806998e-08  -1.4316494e-10
   2.2849812e+01  -2.7063956e-08  -1.2041021e-10
   2.3006899e+01  -1.3719275e-08  -1.0289299e-10
   2.3189156e+01  -1.0685731e-08  -8.5737025e-11
   2.3415632e+01  -1.4029889e-08  -6.8348939e-11
   2.3597141e+01  -1.0222353e-08  -5.6995337e-11
   2.3778651e+01  -7.6620221e-09  -4.7527709e-11
   2.3992276e+01  -8.9047459e-09  -3.8379164e-11
   2.4215824e+01  -1.4235289e-08  -3.0685350e-11
   2.4405492e+01  -1.1584156e-08  -2.5380040e-11
   2.4557857e+01  -4.8253277e-09  -2.1790531e-11
   2.4715323e+01  -2.9259089e-09  -1.8613402e-11
   2.4922065e+01  -2.8315486e-09  -1.5134426e-11
   2.5171901e+01  -5.7132851e-09  -1.1786254e-11
   2.5316318e+01  -2.3078909e-09  -1.0200115e-11
   2.5460736e+01  -1.4469025e-09  -8.8274321e-12
   2.5695434e+01  -1.6376866e-09  -6.9794968e-12
   2.5905355e+01  -1.7713697e-09  -5.6569540e-12
   2.6115276e+01  -2.0701401e-09  -4.5850194e-12
   2.6323650e+01  -2.5110676e-09  -3.7219631e-12
   2.6506181e+01  -1.7482338e-09  -3.1005272e-12
   2.6669642e+01  -9.0890526e-10  -2.6326182e-12
   2.6846423e+01  -6.4741021e-10  -2.2057220e-12
   2.7059897e+01  -7.3011101e-10  -1.7814148e-12
   2.7289873e+01  -1.2850557e-09  -1.4151645e-12
   2.7439079e+01  -5.0447724e-10  -1.2188624e-12
   2.7588286e+01  -2.9322834e-10  -1.0497900e-12
   2.7810030e+01  -3.1985177e-10  -8.4085718e-13
   2.8025234e+01  -3.7932431e-10  -6.7792959e-13
   2.8240438e+01  -5.0973345e-10  -5.4657145e-13
   2.8439288e+01  -5.1251407e-10  -4.4793792e-13
   2.8608173e+01  -2.6924176e-10  -3.7827931e-13
   2.8770667e+01  -1.4936500e-10  -3.2150299e-13
   2.8963382e+01  -1.2949145e-10  -2.6510742e-13
   2.9193437e+01  -1.9808709e-10  -2.1058601e-13
   2.9362514e+01  -1.1355799e-10  -1.7780370e-13
   2.9531591e+01  -7.4263958e-11  -1.5012467e-13
   2.9751228e+01  -8.8756260e-11  -1.2050022e-13
   2.9997554e+01  -2.2240061e-10  -9.4172254e-14
   3.0132264e+01  -6.7000464e-11  -8.2294702e-14
   3.0266973e+01  -3.5256392e-11  -7.1915216e-14
   3.0494075e+01  -4.0063081e-11  -5.7294341e-14
   3.0713303e+01  -5.1538577e-11  -4.6007119e-14
   3.0932532e+01  -7.8091613e-11  -3.6943527e-14
   3.1132992e+01  -8.2726426e-11  -3.0227982e-14
   3.1298539e+01  -3.8525910e-11  -2.5612649e-14
   3.1456176e+01  -1.9032044e-11  -2.1874491e-14
   3.1648086e+01  -1.6347220e-11  -1.8051997e-14
   3.1883350e+01  -2.8343303e-11  -1.4264894e-14
   3.2050235e+01  -1.5045365e-11  -1.2070709e-14
   3.2217119e+01  -9.3361905e-12  -1.0214027e-14
   3.2440680e+01  -1.2119863e-11  -8.1663323e-15
   3.2639237e+01  -1.1736839e-11  -6.6946048e-15
   3.2837794e+01  -1.1481646e-11  -5.4881105e-15
   3.3043713e+01  -1.3349041e-11  -4.4660209e-15
   3.3238238e+01  -1.2180742e-11  -3.6759648e-15
   3.3414466e+01  -7.3485122e-12  -3.0815866e-15
   3.3588612e+01  -4.5321784e-12  -2.5887059e-15
   3.3783457e+01  -4.0852542e-12  -2.1300710e-15
   3.4000259e+01  -5.6584631e-12  -1.7145959e-15
   3.4208459e+01  -7.1235819e-12  -1.3920932e-15
   3.4382743e+01  -4.0061892e-12  -1.1692737e-15
   3.4539412e+01  -1.8447950e-12  -9.9958692e-16
   3.4719605e+01  -1.3697480e-12  -8.3464231e-16
   3.4944529e+01  -1.8756337e-12  -6.6640481e-16
   3.5129016e+01  -1.4094859e-12  -5.5405324e-16
   3.5313503e+01  -1.0745821e-12  -4.6064343e-16
   3.5525191e+01  -1.2899807e-12  -3.7269653e-16
   3.5742991e+01  -1.9380284e-12  -2.9970196e-16
   3.5930673e+01  -1.4990512e-12  -2.4837871e-16
   3.6087784e+01  -6.4244827e-13  -2.1223952e-16
   3.6252228e+01  -3.8729630e-13  -1.8003272e-16
   3.6460976e+01  -4.0271554e-13  -1.4608986e-16
   3.6703661e+01  -8.5596485e-13  -1.1458768e-16
   3.6850368e+01  -3.1811236e-13  -9.8940052e-17
   3.6997075e+01  -1.8106970e-13  -8.5429200e-17
   3.7227073e+01  -2.1556717e-13  -6.7863881e-17
   3.7438643e+01  -2.4965523e-13  -5.4913645e-17
   3.7650214e+01  -3.1602103e-13  -4.4434659e-17
   3.7855167e+01  -3.6709465e-13  -3.6194274e-17
   3.8033061e+01  -2.2625161e-13  -3.0291359e-17
   3.8196490e+01  -1.1414533e-13  -2.5720835e-17
   3.8378941e+01  -8.5733255e-14  -2.1428072e-17
   3.8597956e+01  -1.1224398e-13  -1.7210323e-17
   3.8824839e+01  -2.0614103e-13  -1.3714348e-17
   3.8970415e+01  -6.9457830e-14  -1.1854989e-17
   3.9115991e+01  -3.6221011e-14  -1.0247718e-17
   3.9335067e+01  -4.0032770e-14  -8.2301309e-18
   3.9554492e+01  -5.2527658e-14  -6.6074585e-18
   3.9773917e+01  -8.1099519e-14  -5.3047161e-18
   3.9969725e+01  -7.6661818e-14  -4.3606853e-18
   4.0000000e+01  -5.1391811e-14  -4.2305407e-18
